CustomerID,1,2,3,4,5,6,7,8,9,10,11,12,13,14,15,16,17,18,19,20,21,22,23,24,25,26,27,28,29,30,31,32,33,34,35,36,37,38,39,40,41,42,43,44,45,46,47,48,49,50,51,52,53,54,55,56,57,58,59,60,61,62,63,64,65,66,67,68,69,70,71,72,73,74,75,76,77,78,79,80,81,82,83,84,85,86,87,88,89,90,91,92,93,94,95,96,97,98,99,100
1,0.0000,2.5239,1.5331,2.7670,1.5592,2.1874,1.6811,2.0774,2.4231,2.2186,1.5973,2.1075,2.3159,2.3084,1.5299,2.7208,1.4679,2.6072,0.5922,2.5252,2.2943,2.1915,0.6968,2.7282,1.4984,2.5719,0.4869,2.6870,1.5856,2.6521,0.5610,2.5294,2.3779,2.2220,1.6949,2.1156,2.4467,2.2007,1.5547,2.6379,1.4868,2.6099,0.5509,2.5283,2.4552,2.1310,1.5831,2.7049,1.5059,2.6226,0.4770,2.6237,1.6283,2.2332,1.6120,2.7488,1.5027,2.6576,0.5042,2.5517,2.3626,2.1644,1.6734,2.7890,1.5126,2.6648,0.4599,2.5869,2.4473,2.2356,1.6303,2.7635,1.5276,2.6298,0.4780,2.5528,2.4050,2.1544,1.6437,2.8148,1.5464,2.5922,0.4974,2.6219,2.4806,2.1759,1.6678,2.7557,1.5094,2.6170,0.5015,2.5482,2.3620,2.1764,1.6085,2.7923,1.5125,2.6720,0.4781,2.5742
2,2.5239,0.0000,2.6880,1.7437,2.2066,2.1675,2.1837,2.0723,1.9671,2.2243,2.2053,2.1042,1.8367,2.3224,2.1941,1.6332,2.1964,1.5045,2.6858,1.4716,1.8406,2.1948,2.6379,1.6603,2.2129,1.4870,2.6499,1.5883,2.2772,1.5423,2.6856,1.4833,1.9127,2.2350,2.2502,2.1265,2.0043,2.2303,2.2262,1.5345,2.2171,1.5013,2.6790,1.4777,1.9686,2.1245,2.2308,1.6271,2.2476,1.5157,2.6381,1.5248,2.3096,2.2467,2.2365,1.6905,2.2149,1.5608,2.6591,1.4766,1.8856,2.1564,2.2381,1.7488,2.2087,1.5734,2.6369,1.4878,1.9785,2.2372,2.2661,1.6979,2.2152,1.5304,2.6541,1.4694,1.9350,2.1632,2.2528,1.7850,2.2184,1.5031,2.6534,1.5332,2.0166,2.1627,2.2872,1.7007,2.2165,1.5288,2.6636,1.4751,1.8883,2.1797,2.2575,1.7560,2.2093,1.5839,2.6389,1.4884
3,1.5331,2.6880,0.0000,2.8927,1.5779,1.7390,2.2729,2.1489,2.4756,1.7177,2.1726,2.1574,2.3740,1.7988,2.0818,2.8709,1.4296,2.3169,1.4158,2.6106,2.3228,1.7014,1.5641,2.8695,1.4345,2.2659,1.4185,2.8306,1.5210,2.3882,1.4344,2.6048,2.4287,1.7268,2.2528,2.1569,2.4895,1.7087,2.0862,2.7702,1.4232,2.3327,1.4212,2.6097,2.5301,1.6507,2.1118,2.8427,1.4177,2.3375,1.4298,2.7407,1.5523,1.7321,2.1455,2.8879,1.4439,2.3833,1.4218,2.6452,2.4222,1.6850,2.2279,2.9290,1.4663,2.3933,1.4215,2.7050,2.5066,1.7400,2.1450,2.9122,1.4812,2.3514,1.4203,2.6555,2.4621,1.6606,2.1719,2.9533,1.5083,2.2944,1.4179,2.7427,2.5378,1.6978,2.1688,2.8947,1.4507,2.3229,1.4212,2.6424,2.4136,1.6928,2.1251,2.9307,1.4651,2.4051,1.4237,2.6797
4,2.7670,1.7437,2.8927,0.0000,2.6318,2.5706,2.0646,1.9096,2.0955,2.6085,2.1584,1.9524,2.0727,2.7417,2.2403,0.3178,2.8152,1.6492,2.8830,1.0381,2.0964,2.5798,2.6322,0.2152,2.7762,1.6327,2.8612,0.3798,2.6986,1.5530,2.9658,1.0296,2.0834,2.6481,2.1103,2.0337,2.1107,2.6727,2.2516,0.5318,2.8209,1.5951,2.9281,0.8887,2.0745,2.4553,2.2175,0.2817,2.8512,1.6465,2.7988,0.6241,2.6917,2.6558,2.1846,0.1715,2.7556,1.5318,2.9025,0.8686,2.0742,2.5149,2.1168,0.1140,2.7174,1.5063,2.8331,0.6814,2.0872,2.6298,2.2055,0.2056,2.6999,1.5518,2.8816,0.8236,2.0821,2.5310,2.1685,0.1305,2.6723,1.5847,2.8550,0.5032,2.0954,2.5178,2.1922,0.1692,2.7423,1.5593,2.9032,0.8309,2.0786,2.5694,2.2223,0.1186,2.7194,1.4863,2.8151,0.7071
5,1.5592,2.2066,1.5779,2.6318,0.0000,2.3834,2.0724,2.2015,1.6251,2.3919,2.0119,2.2328,1.5456,2.5031,2.0096,2.6393,0.5908,2.6267,1.5740,2.5878,1.5170,2.3689,1.4249,2.6282,0.4810,2.5856,1.5608,2.6232,0.2791,2.6278,1.6608,2.5833,1.5887,2.4163,2.0375,2.2696,1.6391,2.4152,2.0128,2.6024,0.5856,2.6128,1.6183,2.5543,1.6673,2.2712,2.0116,2.6190,0.6220,2.6382,1.5053,2.6008,0.3107,2.4225,2.0101,2.6364,0.4177,2.6183,1.6019,2.5783,1.5809,2.3237,2.0310,2.6567,0.3277,2.6127,1.5359,2.5836,1.6507,2.4134,2.0174,2.6521,0.2850,2.6068,1.5733,2.5754,1.6130,2.3163,2.0158,2.6703,0.2248,2.5870,1.5479,2.5818,1.6790,2.3329,2.0231,2.6382,0.3927,2.5949,1.5946,2.5690,1.5760,2.3548,2.0132,2.6556,0.3328,2.6118,1.5195,2.5723
6,2.1874,2.1675,1.7390,2.5706,2.3834,0.0000,2.8086,1.4698,3.0960,0.1884,2.8078,1.4509,2.9750,0.3577,2.7247,2.4526,2.2032,1.6343,2.2424,2.0885,2.9466,0.1277,2.3813,2.4846,2.2313,1.6339,2.2195,2.3912,2.3944,1.7667,2.2119,2.0881,3.0407,0.1822,2.8807,1.4325,3.1222,0.2107,2.7549,2.3018,2.2131,1.6895,2.2171,2.1347,3.1159,0.2313,2.7732,2.4371,2.2278,1.6475,2.2536,2.2505,2.4382,0.2115,2.8025,2.5160,2.2566,1.7878,2.2068,2.1382,3.0244,0.1427,2.8528,2.5844,2.2776,1.8256,2.2229,2.2174,3.1108,0.2030,2.8244,2.5331,2.2979,1.7449,2.2239,2.1560,3.0685,0.1626,2.8302,2.6212,2.3232,1.6846,2.2308,2.2970,3.1441,0.1473,2.8487,2.5283,2.2666,1.7233,2.2216,2.1510,3.0170,0.1117,2.8062,2.5916,2.2773,1.8576,2.2362,2.2002
7,1.6811,2.1837,2.2729,2.0646,2.0724,2.8086,0.0000,2.6521,1.5273,2.8290,0.3665,2.6749,1.4652,2.9354,0.5365,2.0904,2.2106,2.1525,1.7639,2.1637,1.4622,2.8054,1.4975,2.0760,2.1769,2.1197,1.7450,2.0862,2.1040,2.1211,1.8668,2.1578,1.4971,2.8559,0.2949,2.7191,1.5464,2.8663,0.5501,2.0889,2.2136,2.1239,1.8221,2.1088,1.5431,2.7128,0.4789,2.0739,2.2391,2.1594,1.6692,2.0969,2.1008,2.8635,0.4205,2.0793,2.1574,2.1039,1.7941,2.1225,1.4889,2.7606,0.2768,2.0887,2.1256,2.0912,1.7148,2.0948,1.5382,2.8498,0.4575,2.0949,2.1116,2.1033,1.7690,2.1129,1.5138,2.7650,0.3933,2.0982,2.0908,2.0993,1.7385,2.0662,1.5591,2.7661,0.4483,2.0824,2.1444,2.0951,1.7926,2.1069,1.4909,2.7978,0.4944,2.0899,2.1276,2.0817,1.6924,2.0883
8,2.0774,2.0723,2.1489,1.9096,2.2015,1.4698,2.6521,0.0000,2.8855,1.4946,2.6429,0.1567,2.7814,1.5767,2.5875,1.7964,2.1009,2.0783,2.1498,1.4381,2.7601,1.4751,2.2067,1.8238,2.1156,2.0652,2.1243,1.7331,2.2268,2.1488,2.1449,1.4396,2.8384,1.5055,2.7017,0.2130,2.9089,1.5069,2.6124,1.6409,2.1114,2.1017,2.1393,1.4689,2.9033,1.4302,2.6251,1.7758,2.1279,2.0897,2.1354,1.5951,2.2620,1.5127,2.6439,1.8568,2.1295,2.1597,2.1259,1.4808,2.8240,1.4491,2.6809,1.9283,2.1389,2.1790,2.1198,1.5548,2.8998,1.5057,2.6644,1.8766,2.1518,2.1312,2.1304,1.4942,2.8622,1.4499,2.6652,1.9679,2.1675,2.0935,2.1303,1.6311,2.9294,1.4543,2.6840,1.8695,2.1359,2.1178,2.1348,1.4895,2.8193,1.4654,2.6507,1.9349,2.1391,2.1965,2.1257,1.5365
9,2.4231,1.9671,2.4756,2.0955,1.6251,3.0960,1.5273,2.8855,0.0000,3.1105,1.5570,2.9171,0.2113,3.2352,1.6745,2.1744,1.9620,2.3571,2.4640,2.4030,0.2870,3.0866,2.1520,2.1416,1.8824,2.3173,2.4565,2.1932,1.6882,2.2790,2.5859,2.3934,0.0931,3.1477,1.4830,2.9783,0.0643,3.1640,1.6654,2.2290,1.9564,2.3090,2.5334,2.3187,0.1379,2.9660,1.6202,2.1581,1.9837,2.3607,2.3714,2.2576,1.6570,3.1534,1.5716,2.1315,1.8409,2.2517,2.5117,2.3324,0.1242,3.0279,1.4995,2.1166,1.7788,2.2250,2.4237,2.2711,0.0711,3.1337,1.5783,2.1433,1.7449,2.2658,2.4783,2.3161,0.0583,3.0322,1.5422,2.1118,1.6964,2.2815,2.4416,2.2067,0.1135,3.0335,1.5510,2.1275,1.8175,2.2630,2.5045,2.3118,0.1443,3.0754,1.6028,2.1122,1.7820,2.2063,2.3967,2.2706
10,2.2186,2.2243,1.7177,2.6085,2.3919,0.1884,2.8290,1.4946,3.1105,0.0000,2.8221,1.4646,2.9908,0.2157,2.7294,2.4974,2.2026,1.6723,2.2262,2.1150,2.9554,0.0810,2.3845,2.5265,2.2236,1.6704,2.2119,2.4334,2.3890,1.8095,2.2034,2.1098,3.0545,0.0882,2.8950,1.4430,3.1343,0.1958,2.7574,2.3407,2.2066,1.7325,2.2057,2.1594,3.1347,0.2771,2.7755,2.4779,2.2167,1.6850,2.2491,2.2837,2.4305,0.0770,2.8072,2.5571,2.2504,1.8262,2.1985,2.1652,3.0400,0.1744,2.8648,2.6261,2.2734,1.8648,2.2170,2.2523,3.1260,0.0527,2.8269,2.5770,2.2935,1.7852,2.2176,2.1866,3.0834,0.1685,2.8353,2.6621,2.3201,1.7217,2.2219,2.3327,3.1589,0.1611,2.8493,2.5689,2.2603,1.7589,2.2142,2.1787,3.0300,0.1214,2.8078,2.6325,2.2728,1.8986,2.2296,2.2310
11,1.5973,2.2053,2.1726,2.1584,2.0119,2.8078,0.3665,2.6429,1.5570,2.8221,0.0000,2.6693,1.4880,2.9261,0.2762,2.1792,2.1275,2.2085,1.6395,2.1787,1.4707,2.7991,1.4306,2.1641,2.0975,2.1615,1.6242,2.1699,2.0341,2.1940,1.7349,2.1742,1.5255,2.8447,0.2204,2.7077,1.5728,2.8459,0.2837,2.1570,2.1285,2.1843,1.6914,2.1302,1.5938,2.7082,0.2307,2.1585,2.1441,2.2208,1.5562,2.1617,2.0342,2.8519,0.1563,2.1708,2.0795,2.1796,1.6707,2.1565,1.5193,2.7565,0.1900,2.1871,2.0555,2.1689,1.5972,2.1477,1.5800,2.8425,0.2134,2.1889,2.0454,2.1703,1.6406,2.1497,1.5476,2.7535,0.1628,2.2002,2.0314,2.1544,1.6136,2.1319,1.6051,2.7645,0.2432,2.1734,2.0708,2.1587,1.6632,2.1424,1.5189,2.7879,0.2283,2.1866,2.0572,2.1630,1.5772,2.1370
12,2.1075,2.1042,2.1574,1.9524,2.2328,1.4509,2.6749,0.1567,2.9171,1.4646,2.6693,0.0000,2.8104,1.5329,2.6075,1.8329,2.1163,2.0887,2.1558,1.4537,2.7857,1.4511,2.2314,1.8636,2.1298,2.0791,2.1357,1.7700,2.2478,2.1650,2.1522,1.4517,2.8681,1.4751,2.7305,0.1424,2.9407,1.4821,2.6327,1.6712,2.1240,2.1170,2.1468,1.4889,2.9378,1.4203,2.6458,1.8131,2.1386,2.0991,2.1512,1.6174,2.2834,1.4809,2.6669,1.8972,2.1466,2.1750,2.1351,1.4997,2.8547,1.4318,2.7075,1.9713,2.1570,2.1970,2.1338,1.5818,2.9318,1.4740,2.6863,1.9195,2.1712,2.1469,2.1429,1.5178,2.8936,1.4335,2.6890,2.0114,2.1879,2.1086,2.1428,1.6613,2.9619,1.4350,2.7059,1.9106,2.1527,2.1319,2.1453,1.5104,2.8484,1.4451,2.6722,1.9783,2.1578,2.2167,2.1406,1.5614
13,2.3159,1.8367,2.3740,2.0727,1.5456,2.9750,1.4652,2.7814,0.2113,2.9908,1.4880,2.8104,0.0000,3.1091,1.5823,2.1286,1.8343,2.2646,2.3633,2.2957,0.1342,2.9673,2.0930,2.1031,1.7652,2.2263,2.3530,2.1389,1.6060,2.2042,2.4713,2.2878,0.1233,3.0243,1.4385,2.8659,0.2621,3.0381,1.5791,2.1605,1.8316,2.2241,2.4239,2.2227,0.2810,2.8558,1.5421,2.1121,1.8593,2.2699,2.2780,2.1817,1.5848,3.0304,1.5032,2.0984,1.7292,2.1814,2.4028,2.2371,0.1041,2.9129,1.4481,2.0940,1.6740,2.1600,2.3234,2.1891,0.2521,3.0126,1.5131,2.1114,1.6455,2.1895,2.3732,2.2234,0.1773,2.9166,1.4821,2.0950,1.6043,2.1981,2.3408,2.1392,0.3075,2.9186,1.4946,2.0968,1.7089,2.1852,2.3971,2.2191,0.1216,2.9566,1.5321,2.0911,1.6772,2.1455,2.3000,2.1869
14,2.3084,2.3224,1.7988,2.7417,2.5031,0.3577,2.9354,1.5767,3.2352,0.2157,2.9261,1.5329,3.1091,0.0000,2.8182,2.6220,2.2770,1.7839,2.2903,2.1933,3.0682,0.2843,2.4920,2.6542,2.3017,1.7874,2.2801,2.5528,2.4895,1.9361,2.2579,2.1865,3.1757,0.1978,3.0062,1.4988,3.2591,0.2764,2.8474,2.4512,2.2789,1.8541,2.2643,2.2477,3.2622,0.4924,2.8686,2.6014,2.2856,1.7960,2.3288,2.3860,2.5337,0.1661,2.9055,2.6864,2.3339,1.9540,2.2602,2.2531,3.1613,0.3868,2.9725,2.7598,2.3630,1.9971,2.2896,2.3535,3.2516,0.1855,2.9249,2.7077,2.3862,1.9116,2.2850,2.2789,3.2068,0.3789,2.9366,2.7975,2.4176,1.8441,2.2918,2.4435,3.2857,0.3714,2.9489,2.6990,2.3457,1.8830,2.2783,2.2697,3.1494,0.3217,2.9034,2.7666,2.3621,2.0345,2.3051,2.3296
15,1.5299,2.1941,2.0818,2.2403,2.0096,2.7247,0.5365,2.5875,1.6745,2.7294,0.2762,2.6075,1.5823,2.8182,0.0000,2.2469,2.0537,2.2022,1.5205,2.1435,1.5456,2.7104,1.4193,2.2358,2.0329,2.1540,1.5110,2.2233,2.0090,2.2167,1.5977,2.1373,1.6319,2.7477,0.4625,2.6336,1.6906,2.7459,0.0867,2.1911,2.0524,2.1914,1.5615,2.1091,1.7225,2.6377,0.1394,2.2210,2.0629,2.2171,1.4647,2.1816,2.0162,2.7535,0.2189,2.2475,2.0223,2.2047,1.5459,2.1404,1.6247,2.6779,0.4090,2.2748,2.0107,2.2010,1.4921,2.1582,1.7027,2.7484,0.2453,2.2696,2.0068,2.1881,1.5245,2.1400,1.6616,2.6713,0.2910,2.2930,2.0034,2.1576,1.5034,2.1624,1.7328,2.6858,0.3157,2.2520,2.0174,2.1699,1.5413,2.1295,1.6198,2.7016,0.1966,2.2753,2.0114,2.2011,1.4779,2.1403
16,2.7208,1.6332,2.8709,0.3178,2.6393,2.4526,2.0904,1.7964,2.1744,2.4974,2.1792,1.8329,2.1286,2.6220,2.2469,0.0000,2.7873,1.5445,2.8624,0.8496,2.1533,2.4705,2.6490,0.1077,2.7579,1.5410,2.8355,0.1365,2.7176,1.4682,2.9287,0.8486,2.1530,2.5327,2.1526,1.9126,2.1964,2.5568,2.2693,0.2847,2.7963,1.5019,2.8961,0.7238,2.1526,2.3561,2.2417,0.0835,2.8266,1.5402,2.7848,0.3954,2.7206,2.5407,2.2133,0.1562,2.7442,1.4608,2.8709,0.6784,2.1398,2.4078,2.1551,0.2660,2.7111,1.4470,2.8097,0.4712,2.1673,2.5140,2.2426,0.1621,2.6992,1.4735,2.8532,0.6316,2.1552,2.4260,2.2042,0.3248,2.6771,1.5068,2.8314,0.3099,2.1820,2.4096,2.2360,0.1763,2.7347,1.4870,2.8730,0.6520,2.1428,2.4580,2.2539,0.2778,2.7136,1.4373,2.7967,0.5227
17,1.4679,2.1964,1.4296,2.8152,0.5908,2.2032,2.2106,2.1009,1.9620,2.2026,2.1275,2.1163,1.8343,2.2770,2.0537,2.7873,0.0000,2.6502,1.4299,2.5579,1.7825,2.1850,1.5273,2.7882,0.1682,2.6103,1.4185,2.7503,0.5151,2.7034,1.4450,2.5552,1.9049,2.2100,2.2028,2.1212,1.9831,2.1958,2.0626,2.6952,0.0774,2.6595,1.4323,2.5566,2.0187,2.1362,2.0851,2.7631,0.1345,2.6668,1.4210,2.6711,0.6069,2.2164,2.1132,2.8067,0.2167,2.7016,1.4258,2.5874,1.8936,2.1658,2.1810,2.8465,0.3032,2.7092,1.4163,2.6370,1.9967,2.2201,2.1178,2.8279,0.3626,2.6752,1.4209,2.5944,1.9435,2.1512,2.1377,2.8707,0.4444,2.6318,1.4192,2.6716,2.0350,2.1760,2.1419,2.8136,0.2525,2.6550,1.4253,2.5842,1.8864,2.1760,2.1002,2.8488,0.3009,2.7179,1.4180,2.6162
18,2.6072,1.5045,2.3169,1.6492,2.6267,1.6343,2.1525,2.0783,2.3571,1.6723,2.2085,2.0887,2.2646,1.7839,2.2022,1.5445,2.6502,0.0000,2.7106,1.4521,2.2620,1.6507,2.6333,1.5701,2.6390,0.1265,2.6864,1.5040,2.6809,0.2415,2.7437,1.4497,2.3139,1.7053,2.2304,2.1245,2.3831,1.7336,2.2335,1.4554,2.6581,0.1215,2.7234,1.4435,2.3533,1.5601,2.2249,1.5356,2.6818,0.0510,2.6686,1.4334,2.6994,1.7110,2.2226,1.5932,2.6409,0.2846,2.7042,1.4264,2.2972,1.5971,2.2156,1.6490,2.6285,0.3488,2.6711,1.4296,2.3593,1.6847,2.2542,1.6034,2.6287,0.2167,2.6998,1.4269,2.3296,1.6161,2.2320,1.6790,2.6249,0.1678,2.6872,1.4596,2.3855,1.5966,2.2613,1.6019,2.6391,0.2058,2.7118,1.4305,2.2932,1.6403,2.2509,1.6544,2.6298,0.4037,2.6677,1.4301
19,0.5922,2.6858,1.4158,2.8830,1.5740,2.2424,1.7639,2.1498,2.4640,2.2262,1.6395,2.1558,2.3633,2.2903,1.5205,2.8624,1.4299,2.7106,0.0000,2.6088,2.3124,2.2135,0.6482,2.8610,1.4340,2.6672,0.1152,2.8235,1.5134,2.7699,0.2489,2.6024,2.4174,2.2336,1.7418,2.1572,2.4779,2.2202,1.5256,2.7641,1.4230,2.7231,0.1522,2.6063,2.5192,2.1741,1.5589,2.8347,1.4186,2.7278,0.1955,2.7346,1.5438,2.2381,1.6043,2.8793,1.4427,2.7648,0.1526,2.6417,2.4112,2.2008,1.7096,2.9197,1.4630,2.7731,0.1479,2.7000,2.4949,2.2443,1.6019,2.9040,1.4774,2.7380,0.1422,2.6520,2.4509,2.1827,1.6384,2.9438,1.5029,2.6898,0.1125,2.7358,2.5259,2.2106,1.6332,2.8861,1.4479,2.7135,0.1484,2.6383,2.4026,2.2074,1.5763,2.9216,1.4621,2.7828,0.1637,2.6746
20,2.5252,1.4716,2.6106,1.0381,2.5878,2.0885,2.1637,1.4381,2.4030,2.1150,2.1787,1.4537,2.2957,2.1933,2.1435,0.8496,2.5579,1.4521,2.6088,0.0000,2.2819,2.0971,2.5930,0.8974,2.5604,1.4391,2.5854,0.7462,2.6235,1.5118,2.6224,0.0705,2.3545,2.1303,2.2278,1.4832,2.4299,2.1385,2.1726,0.5746,2.5673,1.4684,2.6106,0.1671,2.4143,2.0430,2.1778,0.8185,2.5857,1.4634,2.5800,0.4819,2.6476,2.1365,2.1883,0.9499,2.5662,1.5226,2.5955,0.1909,2.3383,2.0662,2.2088,1.0592,2.5639,1.5411,2.5762,0.3920,2.4146,2.1251,2.2147,0.9792,2.5694,1.4945,2.5941,0.2315,2.3772,2.0724,2.2061,1.1177,2.5742,1.4621,2.5886,0.5594,2.4450,2.0693,2.2315,0.9703,2.5680,1.4836,2.6019,0.2236,2.3349,2.0889,2.2050,1.0697,2.5649,1.5582,2.5767,0.3521
21,2.2943,1.8406,2.3228,2.0964,1.5170,2.9466,1.4622,2.7601,0.2870,2.9554,1.4707,2.7857,0.1342,3.0682,1.5456,2.1533,1.7825,2.2620,2.3124,2.2819,0.0000,2.9341,2.0669,2.1271,1.7116,2.2213,2.3069,2.1579,1.5588,2.2118,2.4208,2.2718,0.2014,2.9884,1.4295,2.8375,0.3172,3.0021,1.5397,2.1722,1.7762,2.2262,2.3737,2.2108,0.3812,2.8284,1.5057,2.1328,1.8005,2.2683,2.2358,2.1870,1.5374,2.9935,1.4735,2.1236,1.6772,2.1878,2.3547,2.2288,0.2004,2.8833,1.4343,2.1226,1.6258,2.1684,2.2793,2.1916,0.3350,2.9772,1.4796,2.1396,1.5985,2.1938,2.3271,2.2181,0.2624,2.8853,1.4555,2.1251,1.5605,2.1962,2.2946,2.1473,0.3852,2.8889,1.4620,2.1225,1.6573,2.1855,2.3495,2.2113,0.1870,2.9247,1.4959,2.1199,1.6286,2.1559,2.2563,2.1850
22,2.1915,2.1948,1.7014,2.5798,2.3689,0.1277,2.8054,1.4751,3.0866,0.0810,2.7991,1.4511,2.9673,0.2843,2.7104,2.4705,2.1850,1.6507,2.2135,2.0971,2.9341,0.0000,2.3624,2.4991,2.2082,1.6465,2.1964,2.4077,2.3691,1.7849,2.1891,2.0936,3.0313,0.1084,2.8716,1.4311,3.1108,0.1779,2.7381,2.3173,2.1910,1.7075,2.1922,2.1402,3.1099,0.2202,2.7564,2.4516,2.2027,1.6643,2.2312,2.2632,2.4107,0.1266,2.7873,2.5296,2.2337,1.8020,2.1838,2.1468,3.0164,0.1175,2.8425,2.5974,2.2557,1.8393,2.2008,2.2305,3.1022,0.1199,2.8069,2.5490,2.2755,1.7602,2.2017,2.1664,3.0599,0.1102,2.8150,2.6334,2.3014,1.6968,2.2067,2.3091,3.1350,0.1162,2.8299,2.5416,2.2433,1.7348,2.1988,2.1592,3.0076,0.0602,2.7883,2.6040,2.2552,1.8715,2.2131,2.2101
23,0.6968,2.6379,1.5641,2.6322,1.4249,2.3813,1.4975,2.2067,2.1520,2.3845,1.4306,2.2314,2.0930,2.4920,1.4193,2.6490,1.5273,2.6333,0.6482,2.5930,2.0669,2.3624,0.0000,2.6359,1.4872,2.5919,0.6343,2.6327,1.4247,2.6364,0.8475,2.5864,2.1237,2.4092,1.4626,2.2673,2.1617,2.4102,1.4176,2.6121,1.5225,2.6205,0.7623,2.5572,2.1881,2.2699,1.4151,2.6266,1.5370,2.6450,0.4806,2.6072,1.4272,2.4155,1.4185,2.6433,1.4677,2.6234,0.7280,2.5831,2.1200,2.3210,1.4500,2.6620,1.4447,2.6177,0.5784,2.5911,2.1723,2.4076,1.4206,2.6620,1.4345,2.6127,0.6723,2.5816,2.1441,2.3139,1.4258,2.6749,1.4234,2.5907,0.6087,2.5870,2.1929,2.3299,1.4281,2.6461,1.4578,2.5978,0.7155,2.5725,2.1161,2.3522,1.4170,2.6616,1.4459,2.6158,0.5290,2.5767
24,2.7282,1.6603,2.8695,0.2152,2.6282,2.4846,2.0760,1.8238,2.1416,2.5265,2.1641,1.8636,2.1031,2.6542,2.2358,0.1077,2.7882,1.5701,2.8610,0.8974,2.1271,2.4991,2.6359,0.0000,2.7553,1.5615,2.8357,0.1849,2.7036,1.4873,2.9328,0.8931,2.1232,2.5635,2.1306,1.9434,2.1612,2.5876,2.2547,0.3471,2.7959,1.5236,2.8983,0.7604,2.1201,2.3810,2.2250,0.0839,2.8261,1.5664,2.7813,0.4537,2.7034,2.5711,2.1951,0.0590,2.7393,1.4754,2.8730,0.7241,2.1110,2.4355,2.1344,0.1753,2.7048,1.4576,2.8089,0.5212,2.1342,2.5447,2.2220,0.0912,2.6911,1.4904,2.8541,0.6770,2.1241,2.4528,2.1838,0.2361,2.6673,1.5230,2.8306,0.3473,2.1469,2.4378,2.2131,0.0817,2.7288,1.5017,2.8747,0.6930,2.1141,2.4871,2.2347,0.1859,2.7070,1.4448,2.7943,0.5631
25,1.4984,2.2129,1.4345,2.7762,0.4810,2.2313,2.1769,2.1156,1.8824,2.2236,2.0975,2.1298,1.7652,2.3017,2.0329,2.7579,0.1682,2.6390,1.4340,2.5604,1.7116,2.2082,1.4872,2.7553,0.0000,2.5994,1.4294,2.7238,0.3925,2.6826,1.4765,2.5548,1.8284,2.2372,2.1609,2.1417,1.8999,2.2300,2.0395,2.6744,0.1257,2.6455,1.4524,2.5509,1.9389,2.1515,2.0557,2.7327,0.1599,2.6538,1.4197,2.6521,0.4799,2.2416,2.0785,2.7712,0.0741,2.6776,1.4455,2.5803,1.8193,2.1848,2.1405,2.8075,0.1659,2.6830,1.4223,2.6233,1.9151,2.2415,2.0827,2.7924,0.2244,2.6555,1.4363,2.5869,1.8648,2.1715,2.0989,2.8291,0.3090,2.6166,1.4254,2.6505,1.9510,2.1937,2.1007,2.7767,0.1138,2.6355,1.4446,2.5764,1.8096,2.1997,2.0676,2.8086,0.1625,2.6906,1.4188,2.6030
26,2.5719,1.4870,2.2659,1.6327,2.5856,1.6339,2.1197,2.0652,2.3173,1.6704,2.1615,2.0791,2.2263,1.7874,2.1540,1.5410,2.6103,0.1265,2.6672,1.4391,2.2213,1.6465,2.5919,1.5615,2.5994,0.0000,2.6442,1.5007,2.6348,0.2753,2.7005,1.4364,2.2752,1.7023,2.1859,2.1140,2.3421,1.7248,2.1824,1.4523,2.6176,0.1429,2.6805,1.4254,2.3183,1.5508,2.1755,1.5287,2.6399,0.1663,2.6252,1.4323,2.6525,1.7090,2.1745,1.5844,2.6000,0.3019,2.6621,1.4167,2.2592,1.5926,2.1717,1.6385,2.5881,0.3525,2.6292,1.4225,2.3221,1.6854,2.2032,1.5968,2.5882,0.2225,2.6565,1.4164,2.2917,1.6073,2.1842,1.6684,2.5847,0.1169,2.6444,1.4504,2.3484,1.5942,2.2113,1.5927,2.5981,0.1898,2.6684,1.4179,2.2554,1.6349,2.1994,1.6433,2.5892,0.3999,2.6255,1.4198
27,0.4869,2.6499,1.4185,2.8612,1.5608,2.2195,1.7450,2.1243,2.4565,2.2119,1.6242,2.1357,2.3530,2.2801,1.5110,2.8355,1.4185,2.6864,0.1152,2.5854,2.3069,2.1964,0.6343,2.8357,1.4294,2.6442,0.0000,2.7967,1.5159,2.7451,0.2214,2.5815,2.4095,2.2179,1.7287,2.1369,2.4725,2.2025,1.5201,2.7380,1.4172,2.6981,0.1347,2.5853,2.5077,2.1541,1.5543,2.8094,1.4165,2.7038,0.1577,2.7107,1.5496,2.2236,1.5975,2.8546,1.4380,2.7423,0.1020,2.6191,2.4017,2.1815,1.6980,2.8955,1.4582,2.7507,0.0670,2.6750,2.4867,2.2294,1.5994,2.8776,1.4734,2.7146,0.0613,2.6279,2.4424,2.1645,1.6322,2.9201,1.4992,2.6677,0.0532,2.7120,2.5183,2.1918,1.6327,2.8617,1.4446,2.6921,0.0937,2.6160,2.3948,2.1887,1.5738,2.8977,1.4575,2.7601,0.1108,2.6516
28,2.6870,1.5883,2.8306,0.3798,2.6232,2.3912,2.0862,1.7331,2.1932,2.4334,2.1699,1.7700,2.1389,2.5528,2.2233,0.1365,2.7503,1.5040,2.8235,0.7462,2.1579,2.4077,2.6327,0.1849,2.7238,1.5007,2.7967,0.0000,2.6979,1.4437,2.8839,0.7424,2.1678,2.4676,2.1499,1.8425,2.2152,2.4908,2.2469,0.1821,2.7588,1.4684,2.8534,0.6199,2.1738,2.3003,2.2219,0.1117,2.7887,1.5004,2.7512,0.2925,2.7034,2.4747,2.1986,0.2392,2.7122,1.4386,2.8288,0.5688,2.1529,2.3488,2.1492,0.3540,2.6831,1.4290,2.7721,0.3588,2.1873,2.4494,2.2284,0.2511,2.6731,1.4471,2.8135,0.5207,2.1718,2.3660,2.1928,0.4129,2.6543,1.4714,2.7930,0.2036,2.2041,2.3503,2.2239,0.2558,2.7040,1.4568,2.8323,0.5421,2.1543,2.3960,2.2368,0.3647,2.6849,1.4232,2.7607,0.4097
29,1.5856,2.2772,1.5210,2.6986,0.2791,2.3944,2.1040,2.2268,1.6882,2.3890,2.0341,2.2478,1.6060,2.4895,2.0090,2.7176,0.5151,2.6809,1.5134,2.6235,1.5588,2.3691,1.4247,2.7036,0.3925,2.6348,1.5159,2.6979,0.0000,2.6939,1.6025,2.6157,1.6488,2.4112,2.0674,2.2778,1.6985,2.4087,2.0042,2.6704,0.4884,2.6718,1.5628,2.5903,1.7470,2.2846,2.0080,2.6921,0.5098,2.6946,1.4678,2.6607,0.0960,2.4169,2.0172,2.7121,0.3238,2.6801,1.5520,2.6218,1.6461,2.3332,2.0555,2.7332,0.2460,2.6757,1.4989,2.6406,1.7200,2.4125,2.0138,2.7336,0.1995,2.6663,1.5295,2.6228,1.6799,2.3219,2.0257,2.7475,0.1617,2.6376,1.5056,2.6416,1.7481,2.3429,2.0217,2.7153,0.2847,2.6478,1.5452,2.6114,1.6389,2.3599,2.0082,2.7328,0.2501,2.6752,1.4824,2.6221
30,2.6521,1.5423,2.3882,1.5530,2.6278,1.7667,2.1211,2.1488,2.2790,1.8095,2.1940,2.1650,2.2042,1.9361,2.2167,1.4682,2.7034,0.2415,2.7699,1.5118,2.2118,1.7849,2.6364,1.4873,2.6826,0.2753,2.7451,1.4437,2.6939,0.0000,2.8185,1.5085,2.2436,1.8488,2.1950,2.2133,2.3033,1.8809,2.2457,1.4220,2.7108,0.1440,2.7920,1.4808,2.2668,1.6726,2.2280,1.4639,2.7375,0.2210,2.7140,1.4174,2.7062,1.8551,2.2147,1.5036,2.6787,0.0781,2.7702,1.4586,2.2278,1.7206,2.1864,1.5467,2.6575,0.1345,2.7249,1.4271,2.2764,1.8244,2.2469,1.5096,2.6528,0.0764,2.7607,1.4514,2.2536,1.7425,2.2165,1.5703,2.6413,0.2005,2.7433,1.4287,2.2982,1.7201,2.2473,1.5094,2.6738,0.1436,2.7762,1.4575,2.2253,1.7727,2.2493,1.5506,2.6593,0.1906,2.7177,1.4353
31,0.5610,2.6856,1.4344,2.9658,1.6608,2.2119,1.8668,2.1449,2.5859,2.2034,1.7349,2.1522,2.4713,2.2579,1.5977,2.9287,1.4450,2.7437,0.2489,2.6224,2.4208,2.1891,0.8475,2.9328,1.4765,2.7005,0.2214,2.8839,1.6025,2.8185,0.0000,2.6195,2.5346,2.2014,1.8567,2.1411,2.6037,2.1780,1.6088,2.8149,1.4460,2.7616,0.1035,2.6331,2.6415,2.1646,1.6529,2.9022,1.4413,2.7628,0.3688,2.7819,1.6448,2.2079,1.7072,2.9551,1.4932,2.8187,0.1264,2.6698,2.5254,2.1842,1.8222,3.0018,1.5261,2.8311,0.2795,2.7392,2.6189,2.2196,1.7073,2.9793,1.5489,2.7857,0.1835,2.6813,2.5706,2.1636,1.7484,3.0298,1.5848,2.7306,0.2549,2.7880,2.6535,2.1953,1.7482,2.9635,1.5041,2.7609,0.1362,2.6682,2.5181,2.1821,1.6764,3.0049,1.5247,2.8434,0.3295,2.7132
32,2.5294,1.4833,2.6048,1.0296,2.5833,2.0881,2.1578,1.4396,2.3934,2.1098,2.1742,1.4517,2.2878,2.1865,2.1373,0.8486,2.5552,1.4497,2.6024,0.0705,2.2718,2.0936,2.5864,0.8931,2.5548,1.4364,2.5815,0.7424,2.6157,1.5085,2.6195,0.0000,2.3451,2.1268,2.2206,1.4814,2.4190,2.1369,2.1655,0.5722,2.5626,1.4663,2.6064,0.1494,2.4057,2.0405,2.1692,0.8143,2.5807,1.4598,2.5754,0.4728,2.6387,2.1321,2.1802,0.9447,2.5604,1.5170,2.5916,0.1752,2.3292,2.0637,2.2009,1.0539,2.5577,1.5354,2.5721,0.3863,2.4045,2.1203,2.2055,0.9760,2.5628,1.4905,2.5907,0.2254,2.3676,2.0696,2.1974,1.1114,2.5671,1.4574,2.5840,0.5506,2.4346,2.0661,2.2210,0.9640,2.5615,1.4777,2.5984,0.2059,2.3244,2.0862,2.1959,1.0637,2.5585,1.5530,2.5722,0.3382
33,2.3779,1.9127,2.4287,2.0834,1.5887,3.0407,1.4971,2.8384,0.0931,3.0545,1.5255,2.8681,0.1233,3.1757,1.6319,2.1530,1.9049,2.3139,2.4174,2.3545,0.2014,3.0313,2.1237,2.1232,1.8284,2.2752,2.4095,2.1678,1.6488,2.2436,2.5346,2.3451,0.0000,3.0905,1.4610,2.9269,0.1420,3.1064,1.6250,2.1973,1.8998,2.2695,2.4838,2.2747,0.1884,2.9151,1.5827,2.1362,1.9270,2.3180,2.3287,2.2220,1.6213,3.0961,1.5384,2.1152,1.7894,2.2178,2.4625,2.2886,0.0537,2.9747,1.4740,2.1049,1.7301,2.1935,2.3781,2.2334,0.1382,3.0771,1.5462,2.1279,1.6983,2.2297,2.4310,2.2738,0.0670,2.9789,1.5124,2.1025,1.6527,2.2424,2.3956,2.1752,0.1909,2.9802,1.5220,2.1122,1.7671,2.2259,2.4562,2.2692,0.0764,3.0206,1.5685,2.1012,1.7332,2.1768,2.3525,2.2318
34,2.2220,2.2350,1.7268,2.6481,2.4163,0.1822,2.8559,1.5055,3.1477,0.0882,2.8447,1.4751,3.0243,0.1978,2.7477,2.5327,2.2100,1.7053,2.2336,2.1303,2.9884,0.1084,2.4092,2.5635,2.2372,1.7023,2.2179,2.4676,2.4112,1.8488,2.2014,2.1268,3.0905,0.0000,2.9230,1.4481,3.1724,0.1199,2.7762,2.3714,2.2157,1.7672,2.2077,2.1797,3.1733,0.3230,2.7971,2.5137,2.2251,1.7194,2.2597,2.3132,2.4552,0.0441,2.8310,2.5953,2.2657,1.8674,2.2013,2.1872,3.0756,0.2184,2.8922,2.6660,2.2916,1.9071,2.2250,2.2788,3.1645,0.0925,2.8504,2.6154,2.3136,1.8235,2.2219,2.2090,3.1205,0.2025,2.8608,2.7033,2.3426,1.7570,2.2293,2.3633,3.1983,0.2150,2.8752,2.6078,2.2768,1.7971,2.2170,2.2012,3.0661,0.1386,2.8302,2.6728,2.2910,1.9413,2.2395,2.2571
35,1.6949,2.2502,2.2528,2.1103,2.0375,2.8807,0.2949,2.7017,1.4830,2.8950,0.2204,2.7305,1.4385,3.0062,0.4625,2.1526,2.2028,2.2304,1.7418,2.2278,1.4295,2.8716,1.4626,2.1306,2.1609,2.1859,1.7287,2.1499,2.0674,2.1950,1.8567,2.2206,1.4610,2.9230,0.0000,2.7754,1.4942,2.9297,0.4539,2.1543,2.2016,2.1979,1.8060,2.1658,1.5098,2.7711,0.3694,2.1320,2.2209,2.2395,1.6461,2.1665,2.0594,2.9296,0.2682,2.1320,2.1373,2.1757,1.7823,2.1874,1.4562,2.8241,0.0670,2.1383,2.1049,2.1596,1.6961,2.1605,1.4988,2.9168,0.3025,2.1482,2.0889,2.1744,1.7493,2.1771,1.4757,2.8237,0.2098,2.1457,2.0669,2.1676,1.7153,2.1285,1.5176,2.8311,0.2693,2.1323,2.1248,2.1646,1.7754,2.1703,1.4560,2.8609,0.3475,2.1367,2.1064,2.1493,1.6711,2.1524
36,2.1156,2.1265,2.1569,2.0337,2.2696,1.4325,2.7191,0.2130,2.9783,1.4430,2.7077,0.1424,2.8659,1.4988,2.6336,1.9126,2.1212,2.1245,2.1572,1.4832,2.8375,1.4311,2.2673,1.9434,2.1417,2.1140,2.1369,1.8425,2.2778,2.2133,2.1411,1.4814,2.9269,1.4481,2.7754,0.0000,3.0021,1.4495,2.6591,1.7380,2.1293,2.1578,2.1408,1.5279,3.0011,1.4171,2.6757,1.8902,2.1427,2.1362,2.1608,1.6795,2.3166,1.4533,2.7018,1.9788,2.1616,2.2249,2.1306,1.5413,2.9126,1.4213,2.7501,2.0554,2.1782,2.2493,2.1378,1.6365,2.9943,1.4511,2.7206,2.0015,2.1951,2.1933,2.1420,1.5617,2.9539,1.4198,2.7268,2.0970,2.2167,2.1479,2.1454,1.7258,3.0258,1.4248,2.7428,1.9925,2.1697,2.1757,2.1421,1.5533,2.9058,1.4266,2.7041,2.0628,2.1781,2.2708,2.1473,1.6126
37,2.4467,2.0043,2.4895,2.1107,1.6391,3.1222,1.5464,2.9089,0.0643,3.1343,1.5728,2.9407,0.2621,3.2591,1.6906,2.1964,1.9831,2.3831,2.4779,2.4299,0.3172,3.1108,2.1617,2.1612,1.8999,2.3421,2.4725,2.2152,1.6985,2.3033,2.6037,2.4190,0.1420,3.1724,1.4942,3.0021,0.0000,3.1892,1.6792,2.2529,1.9756,2.3344,2.5497,2.3430,0.1630,2.9894,1.6325,2.1786,2.0018,2.3865,2.3858,2.2817,1.6646,3.1777,1.5833,2.1500,1.8574,2.2746,2.5284,2.3575,0.1742,3.0521,1.5112,2.1334,1.7946,2.2469,2.4392,2.2956,0.0894,3.1578,1.5881,2.1621,1.7596,2.2896,2.4946,2.3412,0.1074,3.0559,1.5525,2.1273,1.7102,2.3052,2.4566,2.2292,0.1044,3.0576,1.5586,2.1453,1.8334,2.2860,2.5211,2.3363,0.1808,3.0998,1.6131,2.1284,1.7976,2.2279,2.4115,2.2943
38,2.2007,2.2303,1.7087,2.6727,2.4152,0.2107,2.8663,1.5069,3.1640,0.1958,2.8459,1.4821,3.0381,0.2764,2.7459,2.5568,2.1958,1.7336,2.2202,2.1385,3.0021,0.1779,2.4102,2.5876,2.2300,1.7248,2.2025,2.4908,2.4087,1.8809,2.1780,2.1369,3.1064,0.1199,2.9297,1.4495,3.1892,0.0000,2.7741,2.3927,2.2035,1.7941,2.1885,2.1905,3.1916,0.3571,2.7982,2.5377,2.2124,1.7501,2.2474,2.3357,2.4550,0.1513,2.8342,2.6206,2.2590,1.9009,2.1828,2.2014,3.0909,0.2707,2.8989,2.6920,2.2876,1.9403,2.2110,2.2960,3.1825,0.2060,2.8528,2.6408,2.3113,1.8534,2.2036,2.2227,3.1372,0.2367,2.8656,2.7304,2.3427,1.7824,2.2147,2.3833,3.2173,0.2806,2.8803,2.6333,2.2711,1.8265,2.1975,2.2147,3.0823,0.1805,2.8312,2.6991,2.2868,1.9739,2.2272,2.2736
39,1.5547,2.2262,2.0862,2.2516,2.0128,2.7549,0.5501,2.6124,1.6654,2.7574,0.2837,2.6327,1.5791,2.8474,0.0867,2.2693,2.0626,2.2335,1.5256,2.1726,1.5397,2.7381,1.4176,2.2547,2.0395,2.1824,1.5201,2.2469,2.0042,2.2457,1.6088,2.1655,1.6250,2.7762,0.4539,2.6591,1.6792,2.7741,0.0000,2.2173,2.0599,2.2211,1.5713,2.1342,1.7170,2.6640,0.0997,2.2415,2.0695,2.2489,1.4701,2.2085,2.0084,2.7821,0.1985,2.2650,2.0271,2.2312,1.5566,2.1682,1.6198,2.7057,0.4013,2.2894,2.0147,2.2259,1.5014,2.1852,1.6949,2.7775,0.1938,2.2884,2.0094,2.2154,1.5344,2.1675,1.6550,2.6983,0.2672,2.3063,2.0050,2.1840,1.5119,2.1855,1.7235,2.7139,0.2698,2.2693,2.0211,2.1956,1.5510,2.1556,1.6152,2.7299,0.1415,2.2897,2.0153,2.2244,1.4853,2.1657
40,2.6379,1.5345,2.7702,0.5318,2.6024,2.3018,2.0889,1.6409,2.2290,2.3407,2.1570,1.6712,2.1605,2.4512,2.1911,0.2847,2.6952,1.4554,2.7641,0.5746,2.1722,2.3173,2.6121,0.3471,2.6744,1.4523,2.7380,0.1821,2.6704,1.4220,2.8149,0.5722,2.1973,2.3714,2.1543,1.7380,2.2529,2.3927,2.2173,0.0000,2.7038,1.4322,2.7879,0.4581,2.2170,2.2208,2.1990,0.2649,2.7310,1.4544,2.7016,0.1233,2.6806,2.3781,2.1826,0.4023,2.6673,1.4218,2.7655,0.3999,2.1821,2.2635,2.1491,0.5196,2.6437,1.4201,2.7167,0.1933,2.2272,2.3548,2.2130,0.4221,2.6374,1.4219,2.7531,0.3547,2.2061,2.2790,2.1824,0.5793,2.6238,1.4356,2.7357,0.1012,2.2479,2.2650,2.2133,0.4212,2.6614,1.4283,2.7696,0.3798,2.1820,2.3060,2.2171,0.5299,2.6456,1.4211,2.7080,0.2539
41,1.4868,2.2171,1.4232,2.8209,0.5856,2.2131,2.2136,2.1114,1.9564,2.2066,2.1285,2.1240,1.8316,2.2789,2.0524,2.7963,0.0774,2.6581,1.4230,2.5673,1.7762,2.1910,1.5225,2.7959,0.1257,2.6176,1.4172,2.7588,0.4884,2.7108,1.4460,2.5626,1.8998,2.2157,2.2016,2.1293,1.9756,2.2035,2.0599,2.7038,0.0000,2.6677,1.4302,2.5638,2.0154,2.1431,2.0812,2.7709,0.0782,2.6741,1.4188,2.6786,0.5779,2.2209,2.1097,2.8139,0.1836,2.7076,1.4251,2.5950,1.8895,2.1727,2.1791,2.8534,0.2779,2.7151,1.4148,2.6454,1.9910,2.2242,2.1129,2.8358,0.3376,2.6821,1.4205,2.6029,1.9384,2.1575,2.1337,2.8771,0.4220,2.6384,1.4162,2.6790,2.0288,2.1823,2.1354,2.8203,0.2189,2.6608,1.4250,2.5917,1.8804,2.1828,2.0952,2.8552,0.2740,2.7240,1.4157,2.6235
42,2.6099,1.5013,2.3327,1.5951,2.6128,1.6895,2.1239,2.1017,2.3090,1.7325,2.1843,2.1170,2.2241,1.8541,2.1914,1.5019,2.6595,0.1215,2.7231,1.4684,2.2262,1.7075,2.6205,1.5236,2.6455,0.1429,2.6981,1.4684,2.6718,0.1440,2.7616,1.4663,2.2695,1.7672,2.1979,2.1578,2.3344,1.7941,2.2211,1.4322,2.6677,0.0000,2.7393,1.4484,2.3025,1.6046,2.2092,1.4947,2.6929,0.1236,2.6738,1.4196,2.6878,1.7742,2.2025,1.5442,2.6442,0.1889,2.7188,1.4314,2.2530,1.6487,2.1864,1.5940,2.6281,0.2466,2.6806,1.4186,2.3099,1.7472,2.2336,1.5528,2.6262,0.1118,2.7118,1.4274,2.2829,1.6678,2.2088,1.6217,2.6191,0.1042,2.6978,1.4355,2.3345,1.6492,2.2387,1.5517,2.6410,0.1217,2.7253,1.4317,2.2501,1.6955,2.2327,1.5989,2.6295,0.2980,2.6756,1.4220
43,0.5509,2.6790,1.4212,2.9281,1.6183,2.2171,1.8221,2.1393,2.5334,2.2057,1.6914,2.1468,2.4239,2.2643,1.5615,2.8961,1.4323,2.7234,0.1522,2.6106,2.3737,2.1922,0.7623,2.8983,1.4524,2.6805,0.1347,2.8534,1.5628,2.7920,0.1035,2.6064,2.4838,2.2077,1.8060,2.1408,2.5497,2.1885,1.5713,2.7879,1.4302,2.7393,0.0000,2.6165,2.5882,2.1611,1.6111,2.8693,1.4255,2.7417,0.2842,2.7565,1.6010,2.2132,1.6612,2.9191,1.4662,2.7906,0.0548,2.6521,2.4755,2.1836,1.7725,2.9637,1.4943,2.8015,0.1931,2.7170,2.5653,2.2223,1.6617,2.9432,1.5140,2.7600,0.1044,2.6631,2.5186,2.1641,1.6999,2.9903,1.5460,2.7080,0.1606,2.7611,2.5986,2.1941,1.6987,2.9267,1.4753,2.7357,0.0628,2.6502,2.4675,2.1850,1.6324,2.9662,1.4930,2.8131,0.2409,2.6916
44,2.5283,1.4777,2.6097,0.8887,2.5543,2.1347,2.1088,1.4689,2.3187,2.1594,2.1302,1.4889,2.2227,2.2477,2.1091,0.7238,2.5566,1.4435,2.6063,0.1671,2.2108,2.1402,2.5572,0.7604,2.5509,1.4254,2.5853,0.6199,2.5903,1.4808,2.6331,0.1494,2.2747,2.1797,2.1658,1.5279,2.3430,2.1905,2.1342,0.4581,2.5638,1.4484,2.6165,0.0000,2.3287,2.0735,2.1335,0.6843,2.5834,1.4531,2.5705,0.3707,2.6091,2.1858,2.1390,0.8108,2.5523,1.4847,2.6003,0.1058,2.2598,2.1040,2.1496,0.9174,2.5447,1.4966,2.5732,0.2771,2.3285,2.1724,2.1630,0.8445,2.5465,1.4631,2.5958,0.1305,2.2949,2.1105,2.1520,0.9745,2.5466,1.4368,2.5864,0.4235,2.3563,2.1072,2.1753,0.8300,2.5514,1.4521,2.6057,0.0992,2.2563,2.1318,2.1567,0.9269,2.5456,1.5087,2.5706,0.2209
45,2.4552,1.9686,2.5301,2.0745,1.6673,3.1159,1.5431,2.9033,0.1379,3.1347,1.5938,2.9378,0.2810,3.2622,1.7225,2.1526,2.0187,2.3533,2.5192,2.4143,0.3812,3.1099,2.1881,2.1201,1.9389,2.3183,2.5077,2.1738,1.7470,2.2668,2.6415,2.4057,0.1884,3.1733,1.5098,3.0011,0.1630,3.1916,1.7170,2.2170,2.0154,2.3025,2.5882,2.3287,0.0000,2.9859,1.6679,2.1388,2.0461,2.3550,2.4203,2.2500,1.7163,3.1790,1.6143,2.1085,1.8970,2.2406,2.5643,2.3371,0.1886,3.0486,1.5289,2.0905,1.8327,2.2125,2.4728,2.2668,0.0824,3.1573,1.6262,2.1168,1.7979,2.2577,2.5304,2.3186,0.1274,3.0552,1.5826,2.0839,1.7473,2.2793,2.4927,2.1984,0.0933,3.0536,1.5967,2.1038,1.8737,2.2581,2.5580,2.3168,0.2135,3.0983,1.6524,2.0860,1.8358,2.1927,2.4454,2.2699
46,2.1310,2.1245,1.6507,2.4553,2.2712,0.2313,2.7128,1.4302,2.9660,0.2771,2.7082,1.4203,2.8558,0.4924,2.6377,2.3561,2.1362,1.5601,2.1741,2.0430,2.8284,0.2202,2.2699,2.3810,2.1515,1.5508,2.1541,2.3003,2.2846,1.6726,2.1646,2.0405,2.9151,0.3230,2.7711,1.4171,2.9894,0.3571,2.6640,2.2208,2.1431,1.6046,2.1611,2.0735,2.9859,0.0000,2.6779,2.3385,2.1575,1.5734,2.1752,2.1760,2.3220,0.3384,2.7017,2.4089,2.1708,1.6875,2.1500,2.0797,2.9006,0.1132,2.7461,2.4712,2.1850,1.7190,2.1531,2.1468,2.9801,0.3119,2.7220,2.4265,2.2006,1.6493,2.1608,2.0945,2.9408,0.1282,2.7254,2.5047,2.2202,1.5938,2.1615,2.2131,3.0109,0.1325,2.7421,2.4195,2.1782,1.6274,2.1622,2.0890,2.8932,0.1925,2.7064,2.4769,2.1849,1.7472,2.1615,2.1300
47,1.5831,2.2308,2.1118,2.2175,2.0116,2.7732,0.4789,2.6251,1.6202,2.7755,0.2307,2.6458,1.5421,2.8686,0.1394,2.2417,2.0851,2.2249,1.5589,2.1778,1.5057,2.7564,1.4151,2.2250,2.0557,2.1755,1.5543,2.2219,2.0080,2.2280,1.6529,2.1692,1.5827,2.7971,0.3694,2.6757,1.6325,2.7982,0.0997,2.1990,2.0812,2.2092,1.6111,2.1335,1.6679,2.6779,0.0000,2.2143,2.0926,2.2385,1.4968,2.1929,2.0089,2.8026,0.1126,2.2334,2.0411,2.2116,1.5946,2.1647,1.5778,2.7215,0.3135,2.2544,2.0244,2.2043,1.5323,2.1737,1.6466,2.7961,0.1144,2.2559,2.0165,2.1993,1.5708,2.1627,1.6100,2.7156,0.1782,2.2692,2.0083,2.1724,1.5444,2.1674,1.6733,2.7291,0.1825,2.2367,2.0332,2.1806,1.5896,2.1512,1.5726,2.7484,0.0708,2.2542,2.0250,2.2015,1.5138,2.1556
48,2.7049,1.6271,2.8427,0.2817,2.6190,2.4371,2.0739,1.7758,2.1581,2.4779,2.1585,1.8131,2.1121,2.6014,2.2210,0.0835,2.7631,1.5356,2.8347,0.8185,2.1328,2.4516,2.6266,0.0839,2.7327,1.5287,2.8094,0.1117,2.6921,1.4639,2.9022,0.8143,2.1362,2.5137,2.1320,1.8902,2.1786,2.5377,2.2415,0.2649,2.7709,1.4947,2.8693,0.6843,2.1388,2.3385,2.2143,0.0000,2.8004,1.5324,2.7592,0.3706,2.6942,2.5210,2.1876,0.1378,2.7188,1.4544,2.8447,0.6441,2.1234,2.3903,2.1334,0.2550,2.6868,1.4404,2.7840,0.4408,2.1519,2.4951,2.2154,0.1649,2.6747,1.4663,2.8274,0.5977,2.1391,2.4073,2.1789,0.3150,2.6533,1.4949,2.8050,0.2693,2.1665,2.3922,2.2084,0.1596,2.7093,1.4764,2.8470,0.6148,2.1257,2.4400,2.2262,0.2658,2.6889,1.4307,2.7706,0.4845
49,1.5059,2.2476,1.4177,2.8512,0.6220,2.2278,2.2391,2.1279,1.9837,2.2167,2.1441,2.1386,1.8593,2.2856,2.0629,2.8266,0.1345,2.6818,1.4186,2.5857,1.8005,2.2027,1.5370,2.8261,0.1599,2.6399,1.4165,2.7887,0.5098,2.7375,1.4413,2.5807,1.9270,2.2251,2.2209,2.1427,2.0018,2.2124,2.0695,2.7310,0.0782,2.6929,1.4255,2.5834,2.0461,2.1575,2.0926,2.8004,0.0000,2.6985,1.4219,2.7042,0.5961,2.2298,2.1225,2.8443,0.2178,2.7340,1.4233,2.6164,1.9180,2.1860,2.1977,2.8847,0.3138,2.7420,1.4161,2.6705,2.0198,2.2339,2.1247,2.8671,0.3719,2.7078,1.4189,2.6253,1.9665,2.1692,2.1474,2.9086,0.4565,2.6627,1.4149,2.7058,2.0576,2.1957,2.1475,2.8507,0.2548,2.6856,1.4223,2.6136,1.9080,2.1945,2.1059,2.8863,0.3108,2.7517,1.4174,2.6476
50,2.6226,1.5157,2.3375,1.6465,2.6382,1.6475,2.1594,2.0897,2.3607,1.6850,2.2208,2.0991,2.2699,1.7960,2.2171,1.5402,2.6668,0.0510,2.7278,1.4634,2.2683,1.6643,2.6450,1.5664,2.6538,0.1663,2.7038,1.5004,2.6946,0.2210,2.7628,1.4598,2.3180,1.7194,2.2395,2.1362,2.3865,1.7501,2.2489,1.4544,2.6741,0.1236,2.7417,1.4531,2.3550,1.5734,2.2385,1.5324,2.6985,0.0000,2.6850,1.4329,2.7126,1.7246,2.2351,1.5890,2.6556,0.2664,2.7220,1.4329,2.3011,1.6102,2.2250,1.6443,2.6422,0.3339,2.6878,1.4321,2.3616,1.6970,2.2674,1.5982,2.6420,0.2081,2.7176,1.4332,2.3328,1.6305,2.2436,1.6737,2.6372,0.1824,2.7043,1.4599,2.3873,1.6088,2.2733,1.5972,2.6534,0.2041,2.7300,1.4371,2.2966,1.6542,2.2647,1.6495,2.6435,0.3915,2.6843,1.4339
51,0.4770,2.6381,1.4298,2.7988,1.5053,2.2536,1.6692,2.1354,2.3714,2.2491,1.5562,2.1512,2.2780,2.3288,1.4647,2.7848,1.4210,2.6686,0.1955,2.5800,2.2358,2.2312,0.4806,2.7813,1.4197,2.6252,0.1577,2.7512,1.4678,2.7140,0.3688,2.5754,2.3287,2.2597,1.6461,2.1608,2.3858,2.2474,1.4701,2.7016,1.4188,2.6738,0.2842,2.5705,2.4203,2.1752,1.4968,2.7592,1.4219,2.6850,0.0000,2.6800,1.4944,2.2659,1.5322,2.7975,1.4206,2.7085,0.2510,2.6034,2.3219,2.2095,1.6192,2.8330,1.4306,2.7132,0.1095,2.6480,2.3999,2.2687,1.5329,2.8198,1.4397,2.6845,0.1953,2.6095,2.3590,2.1944,1.5612,2.8549,1.4571,2.6426,0.1375,2.6749,2.4293,2.2198,1.5613,2.8036,1.4229,2.6633,0.2369,2.5980,2.3158,2.2227,1.5118,2.8345,1.4301,2.7196,0.0659,2.6263
52,2.6237,1.5248,2.7407,0.6241,2.6008,2.2505,2.0969,1.5951,2.2576,2.2837,2.1617,1.6174,2.1817,2.3860,2.1816,0.3954,2.6711,1.4334,2.7346,0.4819,2.1870,2.2632,2.6072,0.4537,2.6521,1.4323,2.7107,0.2925,2.6607,1.4174,2.7819,0.4728,2.2220,2.3132,2.1665,1.6795,2.2817,2.3357,2.2085,0.1233,2.6786,1.4196,2.7565,0.3707,2.2500,2.1760,2.1929,0.3706,2.7042,1.4329,2.6800,0.0000,2.6729,2.3191,2.1817,0.5061,2.6479,1.4179,2.7353,0.3021,2.2070,2.2141,2.1576,0.6215,2.6276,1.4212,2.6916,0.1227,2.2575,2.2967,2.2113,0.5313,2.6231,1.4147,2.7258,0.2672,2.2336,2.2290,2.1843,0.6796,2.6124,1.4213,2.7094,0.1437,2.2798,2.2148,2.2133,0.5252,2.6429,1.4171,2.7406,0.2883,2.2050,2.2536,2.2133,0.6319,2.6293,1.4265,2.6844,0.1726
53,1.6283,2.3096,1.5523,2.6917,0.3107,2.4382,2.1008,2.2620,1.6570,2.4305,2.0342,2.2834,1.5848,2.5337,2.0162,2.7206,0.6069,2.6994,1.5438,2.6476,1.5374,2.4107,1.4272,2.7034,0.4799,2.6525,1.5496,2.7034,0.0960,2.7062,1.6448,2.6387,1.6213,2.4552,2.0594,2.3166,1.6646,2.4550,2.0084,2.6806,0.5779,2.6878,1.6010,2.6091,1.7163,2.3220,2.0089,2.6942,0.5961,2.7126,1.4944,2.6729,0.0000,2.4604,2.0151,2.7099,0.4120,2.6899,1.5900,2.6409,1.6208,2.3729,2.0489,2.7275,0.3342,2.6835,1.5308,2.6553,1.6881,2.4548,2.0097,2.7318,0.2825,2.6785,1.5654,2.6412,1.6509,2.3622,2.0206,2.7397,0.2309,2.6521,1.5377,2.6506,1.7136,2.3824,2.0143,2.7126,0.3728,2.6598,1.5825,2.6293,1.6135,2.4021,2.0064,2.7266,0.3376,2.6814,1.5112,2.6368
54,2.2332,2.2467,1.7321,2.6558,2.4225,0.2115,2.8635,1.5127,3.1534,0.0770,2.8519,1.4809,3.0304,0.1661,2.7535,2.5407,2.2164,1.7110,2.2381,2.1365,2.9935,0.1266,2.4155,2.5711,2.2416,1.7090,2.2236,2.4747,2.4169,1.8551,2.2079,2.1321,3.0961,0.0441,2.9296,1.4533,3.1777,0.1513,2.7821,2.3781,2.2209,1.7742,2.2132,2.1858,3.1790,0.3384,2.8026,2.5210,2.2298,1.7246,2.2659,2.3191,2.4604,0.0000,2.8365,2.6028,2.2705,1.8733,2.2072,2.1927,3.0813,0.2333,2.8985,2.6737,2.2965,1.9134,2.2306,2.2853,3.1699,0.0670,2.8562,2.6230,2.3184,1.8301,2.2280,2.2152,3.1260,0.2183,2.8663,2.7108,2.3475,1.7638,2.2346,2.3702,3.2036,0.2252,2.8802,2.6150,2.2816,1.8033,2.2232,2.2072,3.0712,0.1588,2.8358,2.6803,2.2958,1.9482,2.2449,2.2632
55,1.6120,2.2365,2.1455,2.1846,2.0101,2.8025,0.4205,2.6439,1.5716,2.8072,0.1563,2.6669,1.5032,2.9055,0.2189,2.2133,2.1132,2.2226,1.6043,2.1883,1.4735,2.7873,1.4185,2.1951,2.0785,2.1745,1.5975,2.1986,2.0172,2.2147,1.7072,2.1802,1.5384,2.8310,0.2682,2.7018,1.5833,2.8342,0.1985,2.1826,2.1097,2.2025,1.6612,2.1390,1.6143,2.7017,0.1126,2.1876,2.1225,2.2351,1.5322,2.1817,2.0151,2.8365,0.0000,2.2013,2.0613,2.1975,1.6431,2.1676,1.5341,2.7482,0.2162,2.2185,2.0398,2.1877,1.5720,2.1668,1.5955,2.8277,0.0904,2.2221,2.0294,2.1885,1.6156,2.1635,1.5623,2.7437,0.0726,2.2312,2.0171,2.1679,1.5858,2.1534,1.6200,2.7555,0.1217,2.2037,2.0524,2.1726,1.6370,2.1536,1.5299,2.7782,0.1013,2.2176,2.0408,2.1831,1.5511,2.1517
56,2.7488,1.6905,2.8879,0.1715,2.6364,2.5160,2.0793,1.8568,2.1315,2.5571,2.1708,1.8972,2.0984,2.6864,2.2475,0.1562,2.8067,1.5932,2.8793,0.9499,2.1236,2.5296,2.6433,0.0590,2.7712,1.5844,2.8546,0.2392,2.7121,1.5036,2.9551,0.9447,2.1152,2.5953,2.1320,1.9788,2.1500,2.6206,2.2650,0.4023,2.8139,1.5442,2.9191,0.8108,2.1085,2.4089,2.2334,0.1378,2.8443,1.5890,2.7975,0.5061,2.7099,2.6028,2.2013,0.0000,2.7539,1.4896,2.8936,0.7762,2.1038,2.4648,2.1369,0.1187,2.7177,1.4695,2.8271,0.5755,2.1230,2.5757,2.2277,0.0619,2.7028,1.5073,2.8738,0.7299,2.1148,2.4824,2.1883,0.1784,2.6774,1.5427,2.8490,0.4004,2.1342,2.4669,2.2169,0.0348,2.7426,1.5190,2.8950,0.7448,2.1073,2.5178,2.2418,0.1286,2.7200,1.4547,2.8113,0.6153
