CustomerID,1,2,3,4,5,6,7,8,9,10,11,12,13,14,15,16,17,18,19,20,21,22,23,24,25,26,27,28,29,30,31,32,33,34,35,36,37,38,39,40,41,42,43,44,45,46,47,48,49,50,51,52,53,54,55,56,57,58,59,60,61,62,63,64,65,66,67,68,69,70,71,72,73,74,75,76,77,78,79,80,81,82,83,84,85,86,87,88,89,90,91,92,93,94,95,96,97,98,99,100
1,0.0000,3.6149,1.7618,4.1591,1.7416,2.8353,2.0171,2.5202,3.3580,2.8869,1.8342,2.5815,3.1823,3.0927,1.6578,4.0306,1.5686,3.7380,0.6851,3.5003,3.1375,2.8390,0.7149,4.0677,1.6252,3.6611,0.5614,3.9594,1.6899,3.8579,0.6283,3.5093,3.2901,2.9387,2.0308,2.6450,3.3939,2.9473,1.6804,3.8379,1.6285,3.7678,0.6375,3.5478,3.4280,2.6329,1.7664,4.0167,1.6860,3.7709,0.5136,3.8084,1.7679,2.9520,1.8497,4.1152,1.6071,3.8780,0.5842,3.6116,3.2675,2.7392,1.9961,4.1943,1.5788,3.9120,0.5253,3.7269,3.4105,2.9236,1.8491,4.1349,1.6116,3.8190,0.5508,3.6268,3.3400,2.7449,1.9147,4.2465,1.6741,3.7369,0.5720,3.8185,3.4638,2.7518,1.9294,4.1332,1.6073,3.7948,0.5769,3.6191,3.2729,2.8142,1.8011,4.2055,1.5817,3.9362,0.5330,3.7000
2,3.6149,0.0000,4.0599,2.1018,2.8461,2.8481,2.7439,2.6158,2.3617,2.9379,2.8191,2.7059,2.1514,3.1232,2.8772,1.9408,2.9863,1.5754,4.0559,1.5422,2.0954,2.8887,3.7801,1.9879,2.9898,1.5481,3.9790,1.8623,3.0570,1.7343,4.0680,1.5859,2.2666,2.9684,2.8722,2.7546,2.4040,2.9851,2.9432,1.7341,3.0250,1.6094,4.0506,1.5413,2.3959,2.7496,2.9049,1.9308,3.0892,1.5959,3.9440,1.6885,3.0860,2.9822,2.8598,2.0409,2.9920,1.7769,4.0045,1.5135,2.2385,2.7990,2.8198,2.1302,2.9545,1.8149,3.9439,1.5883,2.3865,2.9478,2.9314,2.0580,2.9502,1.6989,3.9983,1.5032,2.3148,2.8287,2.8504,2.1882,2.9260,1.6022,3.9854,1.7208,2.4423,2.8091,2.9260,2.0609,2.9893,1.6785,4.0223,1.5053,2.2232,2.8392,2.9454,2.1434,2.9578,1.8415,3.9430,1.5660
3,1.7618,4.0599,0.0000,4.2914,1.7937,2.0650,3.0251,2.8845,3.4045,1.9689,2.8446,2.8791,3.2088,2.0673,2.6130,4.2627,1.4017,3.2468,1.2773,3.9010,3.1270,1.9701,1.7745,4.2393,1.3918,3.1365,1.3181,4.2283,1.7034,3.3336,1.4214,3.8796,3.3133,1.9611,3.0102,2.8480,3.4356,1.9353,2.6477,4.1656,1.3455,3.2597,1.3337,3.8722,3.4634,1.9664,2.7097,4.2020,1.2936,3.2828,1.3893,4.1278,1.7764,1.9602,2.7951,4.2702,1.4315,3.2995,1.3258,3.9675,3.2950,1.9934,2.9516,4.3342,1.5106,3.2953,1.3446,4.0716,3.4382,1.9965,2.8076,4.2949,1.5607,3.2621,1.3269,3.9877,3.3664,1.9364,2.8573,4.3701,1.6330,3.1685,1.3102,4.0906,3.4905,2.0127,2.8587,4.2725,1.4606,3.2046,1.3316,3.9506,3.2742,1.9717,2.7606,4.3291,1.5073,3.2975,1.3435,4.0132
4,4.1591,2.1018,4.2914,0.0000,3.8277,3.6887,2.5035,2.3895,2.5691,3.7444,2.7906,2.4749,2.5542,3.9724,2.9566,0.3277,4.1607,1.9706,4.2590,1.1718,2.6450,3.6952,3.7716,0.2103,4.0867,1.9304,4.2385,0.3995,3.9367,1.7455,4.4254,1.1672,2.5640,3.8135,2.6829,2.6038,2.6022,3.8441,2.9637,0.5854,4.1671,1.8539,4.3527,0.9917,2.4580,3.4586,2.9097,0.2892,4.2313,1.9629,4.1305,0.7068,3.9473,3.8255,2.8494,0.1649,4.0529,1.7010,4.3040,0.9879,2.5378,3.5773,2.6988,0.1161,3.9750,1.6340,4.1966,0.7699,2.5195,3.7835,2.9163,0.1843,3.9344,1.7555,4.2903,0.9321,2.5360,3.5954,2.8269,0.1418,3.8709,1.8367,4.2406,0.5665,2.5192,3.5861,2.8971,0.1535,4.0181,1.7800,4.3199,0.9414,2.5497,3.6727,2.9408,0.1283,3.9790,1.5800,4.1616,0.8030
5,1.7416,2.8461,1.7937,3.8277,0.0000,3.3164,2.6012,2.9119,1.8602,3.3563,2.3107,2.9924,1.6938,3.5734,2.3010,3.8596,0.6578,3.7899,1.7804,3.6297,1.6450,3.3104,1.3269,3.8077,0.5369,3.6846,1.7721,3.8360,0.2846,3.8411,1.9701,3.5923,1.7950,3.4187,2.4217,3.1042,1.8923,3.4373,2.3153,3.7912,0.6526,3.7875,1.8912,3.5510,1.9353,3.0858,2.2822,3.8029,0.6846,3.8213,1.6213,3.7669,0.2985,3.4296,2.2653,3.8097,0.4550,3.8048,1.8638,3.6407,1.7754,3.2016,2.4092,3.8650,0.3519,3.7928,1.7191,3.7185,1.9138,3.3955,2.2597,3.8551,0.3167,3.7775,1.7957,3.6542,1.8444,3.2084,2.3030,3.8966,0.2582,3.7027,1.7415,3.7197,1.9654,3.2133,2.2945,3.8100,0.4192,3.7284,1.8384,3.6206,1.7790,3.2861,2.2578,3.8588,0.3566,3.7887,1.6718,3.6670
6,2.8353,2.8481,2.0650,3.6887,3.3164,0.0000,4.3319,1.5666,4.8498,0.2144,4.3060,1.4913,4.6460,0.3828,4.0811,3.4556,2.8310,1.9260,2.9878,2.7054,4.5761,0.1415,3.3023,3.5279,2.8896,1.9622,2.9177,3.3472,3.2591,2.1612,2.9802,2.7056,4.7548,0.2039,4.4647,1.3942,4.8867,0.2103,4.1289,3.1810,2.8639,2.0424,2.9706,2.8462,4.8903,0.2512,4.1853,3.4417,2.9198,1.9364,2.9093,3.0716,3.3374,0.2387,4.2669,3.5814,2.9591,2.2051,2.9301,2.8408,4.7318,0.1310,4.4048,3.6978,3.0366,2.2768,2.8924,3.0194,4.8746,0.2240,4.2912,3.6025,3.0887,2.1438,2.9366,2.8873,4.8046,0.1463,4.3288,3.7560,3.1594,2.0548,2.9289,3.1893,4.9275,0.1465,4.3411,3.6022,2.9894,2.1145,2.9535,2.8791,4.7114,0.1088,4.2460,3.7111,3.0337,2.3357,2.8980,2.9895
7,2.0171,2.7439,3.0251,2.5035,2.6012,4.3319,0.0000,3.9377,1.6550,4.3778,0.4166,4.0140,1.4725,4.5932,0.6003,2.6378,2.9032,2.6969,2.0834,2.8376,1.4120,4.3317,1.6167,2.5860,2.8345,2.6504,2.0635,2.6175,2.6670,2.6316,2.2637,2.8326,1.5697,4.4426,0.2612,4.1314,1.6894,4.4687,0.6083,2.5797,2.9086,2.5942,2.1767,2.6857,1.6969,4.1078,0.5218,2.5828,2.9698,2.6924,1.9564,2.5578,2.6558,4.4539,0.4581,2.5871,2.8022,2.5930,2.1281,2.6932,1.5498,4.2220,0.2666,2.5902,2.7291,2.5791,2.0233,2.5369,1.6804,4.4166,0.5046,2.6327,2.6912,2.5687,2.1148,2.6490,1.6162,4.2355,0.4104,2.5964,2.6322,2.5651,2.0669,2.5070,1.7291,4.2315,0.4903,2.5884,2.7682,2.5320,2.1433,2.6534,1.5340,4.3109,0.5333,2.5853,2.7330,2.5720,1.9888,2.5478
8,2.5202,2.6158,2.8845,2.3895,2.9119,1.5666,3.9377,0.0000,4.4281,1.6151,3.9061,0.1668,4.2327,1.8146,3.6957,2.1603,2.7206,2.6074,2.8825,1.4112,4.1664,1.5710,2.9016,2.2299,2.7229,2.5720,2.8110,2.0514,2.8824,2.7905,2.8882,1.4351,4.3373,1.6688,4.0579,0.2288,4.4637,1.6863,3.7405,1.8841,2.7538,2.6645,2.8729,1.5448,4.4680,1.3762,3.7943,2.1439,2.8107,2.6389,2.7904,1.8224,2.9356,1.6804,3.8705,2.2841,2.7312,2.8295,2.8308,1.5670,4.3152,1.4739,4.0019,2.4015,2.7072,2.8703,2.7815,1.7213,4.4530,1.6488,3.8939,2.3066,2.7233,2.7533,2.8306,1.5889,4.3852,1.4840,3.9292,2.4610,2.7685,2.6536,2.8193,1.8894,4.5041,1.4838,3.9416,2.3051,2.7309,2.7281,2.8511,1.5807,4.2963,1.5490,3.8510,2.4145,2.7161,2.9001,2.7834,1.6907
9,3.3580,2.3617,3.4045,2.5691,1.8602,4.8498,1.6550,4.4281,0.0000,4.8928,1.7520,4.5091,0.2333,5.1178,1.9564,2.7243,2.4388,3.1833,3.3871,3.3372,0.3199,4.8463,2.7516,2.6651,2.3213,3.1329,3.3817,2.7359,1.9528,2.9596,3.5992,3.3306,0.1064,4.9625,1.5593,4.6344,0.0608,4.9909,1.9397,2.8445,2.4326,3.0665,3.5130,3.1725,0.1462,4.6084,1.8439,2.6691,2.4631,3.1777,3.2138,2.9475,1.8768,4.9730,1.7492,2.6610,2.2435,2.9111,3.4823,3.1806,0.1341,4.7297,1.5935,2.6549,2.1447,2.8419,3.3236,2.9991,0.0683,4.9329,1.7603,2.7053,2.0847,2.9650,3.4106,3.1336,0.0593,4.7428,1.6831,2.6558,2.0012,3.0416,3.3494,2.8270,0.1245,4.7395,1.6819,2.6596,2.2062,2.9857,3.4567,3.1386,0.1576,4.8235,1.8109,2.6478,2.1490,2.7874,3.2703,3.0239
10,2.8869,2.9379,1.9689,3.7444,3.3563,0.2144,4.3778,1.6151,4.8928,0.0000,4.3482,1.5347,4.6896,0.2377,4.1178,3.5148,2.8368,1.9811,2.8920,2.7547,4.6158,0.0791,3.3395,3.5856,2.9206,2.0166,2.8264,3.4050,3.2917,2.2189,2.8880,2.7525,4.7974,0.0992,4.5071,1.4361,4.9284,0.2174,4.1643,3.2371,2.8401,2.1000,2.8770,2.8946,4.9357,0.3061,4.2208,3.4989,2.8382,1.9914,2.9418,3.1247,3.3689,0.0823,4.3038,3.6387,2.9910,2.2607,2.8383,2.8905,4.7753,0.1806,4.4460,3.7555,3.0696,2.3329,2.8458,3.0733,4.9180,0.0469,4.3269,3.6613,3.1217,2.2003,2.8458,2.9388,4.8478,0.1697,4.3660,3.8134,3.1933,2.1096,2.8368,3.2437,4.9708,0.1678,4.3758,3.6593,3.0212,2.1687,2.8622,2.9292,4.7535,0.1201,4.2811,3.7684,3.0666,2.3926,2.8893,3.0413
11,1.8342,2.8191,2.8446,2.7906,2.3107,4.3060,0.4166,3.9061,1.7520,4.3482,0.0000,3.9844,1.5896,4.5625,0.2924,2.8994,2.7713,2.8399,1.9082,2.8139,1.5455,4.3026,1.3700,2.8468,2.6711,2.7314,1.8988,2.8774,2.4216,2.8880,2.1021,2.8095,1.6887,4.4111,0.2355,4.0993,1.7849,4.4327,0.2850,2.8334,2.7669,2.8342,2.0225,2.6643,1.8248,4.0789,0.2373,2.8425,2.7921,2.8723,1.7424,2.8106,2.4364,4.4222,0.1689,2.8490,2.6018,2.8503,1.9931,2.7214,1.6697,4.1937,0.1981,2.8546,2.5168,2.8370,1.8448,2.7617,1.8045,4.3869,0.2241,2.8957,2.4651,2.8225,1.9242,2.7222,1.7373,4.2034,0.1635,2.8622,2.4092,2.7473,1.8693,2.7597,1.8549,4.2045,0.2456,2.8500,2.5698,2.7730,1.9676,2.6994,1.6752,4.2799,0.2447,2.8489,2.5206,2.8312,1.7959,2.7099
12,2.5815,2.7059,2.8791,2.4749,2.9924,1.4913,4.0140,0.1668,4.5091,1.5347,3.9844,0.0000,4.3124,1.7276,3.7705,2.2426,2.7188,2.6107,2.8758,1.4835,4.2443,1.4934,2.9788,2.3138,2.7205,2.5992,2.8071,2.1338,2.9369,2.7967,2.8820,1.4835,4.4173,1.5880,4.1375,0.1383,4.5448,1.6080,3.8155,1.9635,2.7506,2.6703,2.8669,1.6191,4.5505,1.3110,3.8695,2.2266,2.8064,2.6416,2.7889,1.8536,3.0111,1.5991,3.9470,2.3683,2.7361,2.8353,2.8257,1.6187,4.3958,1.3994,4.0803,2.4871,2.7623,2.8775,2.7790,1.7990,4.5342,1.5676,3.9697,2.3920,2.7999,2.7592,2.8272,1.6650,4.4661,1.4099,4.0061,2.5469,2.8434,2.6814,2.8160,1.9687,4.5856,1.4084,4.0175,2.3897,2.7529,2.7332,2.8467,1.6555,4.3761,1.4731,3.9266,2.5002,2.7714,2.9306,2.7814,1.7674
13,3.1823,2.1514,3.2088,2.5542,1.6938,4.6460,1.4725,4.2327,0.2333,4.6896,1.5896,4.3124,0.0000,4.9113,1.7851,2.7004,2.2305,2.9899,3.1919,3.1380,0.1461,4.6434,2.5957,2.6441,2.1174,2.9404,3.1853,2.6857,1.7854,2.7733,3.4201,3.1322,0.1284,4.7576,1.4060,4.4352,0.2785,4.7851,1.7707,2.6667,2.2255,2.8763,3.3140,2.9782,0.2944,4.4099,1.6781,2.6452,2.2561,2.9849,3.0440,2.7609,1.7134,4.7682,1.5871,2.6420,2.0420,2.7266,3.2836,2.9864,0.1047,4.5289,1.4377,2.6399,1.9461,2.6769,3.1286,2.8104,0.2694,4.7290,1.5995,2.6867,1.8882,2.7782,3.2358,2.9405,0.1877,4.5418,1.5241,2.6429,1.8076,2.8522,3.1542,2.6498,0.3302,4.5387,1.5244,2.6415,2.0059,2.7985,3.2809,2.9456,0.1162,4.6209,1.6480,2.6334,1.9504,2.6563,3.0768,2.8345
14,3.0927,3.1232,2.0673,3.9724,3.5734,0.3828,4.5932,1.8146,5.1178,0.2377,4.5625,1.7276,4.9113,0.0000,4.3237,3.7382,3.0343,2.1950,2.9963,2.9541,4.8346,0.2983,3.5546,3.8107,3.1200,2.2332,2.9975,3.6258,3.5031,2.4404,2.8916,2.9510,5.0206,0.1840,4.7252,1.6231,5.1536,0.2373,4.3709,3.4532,3.0364,2.3190,2.9001,3.0992,5.1622,0.5487,4.4291,3.7218,3.0212,2.2051,3.1422,3.3365,3.5817,0.1639,4.5150,3.8647,3.1933,2.4829,2.9183,3.0948,4.9986,0.4203,4.6622,3.9838,3.2752,2.5573,3.0423,3.2846,5.1435,0.1979,4.5378,3.8880,3.3289,2.4216,2.9843,3.1455,5.0721,0.4085,4.5788,4.0425,3.4030,2.3289,3.0262,3.4599,5.1969,0.4064,4.5876,3.8857,3.2246,2.3889,2.9492,3.1351,4.9758,0.3297,4.4908,3.9969,3.2720,2.6189,3.0874,3.2512
15,1.6578,2.8772,2.6130,2.9566,2.3010,4.0811,0.6003,3.6957,1.9564,4.1178,0.2924,3.7705,1.7851,4.3237,0.0000,3.0356,2.5484,2.9443,1.6629,2.7355,1.7328,4.0745,1.2994,2.9844,2.4521,2.8353,1.6564,3.0076,2.2980,3.0050,1.8484,2.7150,1.8887,4.1785,0.4963,3.8792,1.9893,4.1988,0.0813,2.9556,2.5427,2.9446,1.7723,2.6933,2.0339,3.8604,0.1358,2.9763,2.5653,2.9777,1.5097,2.9264,2.3156,4.1888,0.2367,2.9886,2.3862,2.9680,1.7453,2.7872,1.8694,3.9709,0.4280,2.9985,2.3224,2.9577,1.6060,2.8738,2.0110,4.1556,0.2597,3.0370,2.2889,2.9373,1.6805,2.8024,1.9404,3.9788,0.3150,3.0327,2.2377,2.8558,1.6282,2.8801,2.0634,3.9815,0.3284,2.9903,2.3559,2.8848,1.7212,2.7666,1.8730,4.0531,0.2029,2.9932,2.3257,2.9545,1.5597,2.8186
16,4.0306,1.9408,4.2627,0.3277,3.8596,3.4556,2.6378,2.1603,2.7243,3.5148,2.8994,2.2426,2.7004,3.7382,3.0356,0.0000,4.1039,1.7453,4.2556,0.9162,2.7922,3.4665,3.9069,0.1180,4.0588,1.7109,4.1831,0.1307,4.0738,1.5286,4.3495,0.9146,2.7155,3.5817,2.8247,2.3705,2.7602,3.6120,3.0972,0.3135,4.1119,1.6336,4.2945,0.7466,2.6561,3.2351,3.0455,0.0768,4.1762,1.7369,4.1300,0.4404,4.0887,3.5938,2.9867,0.1650,4.0530,1.4898,4.2459,0.7333,2.6876,3.3498,2.8391,0.2812,4.0018,1.4276,4.1422,0.5096,2.6806,3.5515,3.0576,0.1707,3.9884,1.5414,4.2337,0.6772,2.6887,3.3690,2.9668,0.3463,3.9517,1.6230,4.1861,0.3140,2.6943,3.3580,3.0409,0.1882,4.0445,1.5686,4.2625,0.6914,2.6990,3.4430,3.0799,0.2959,4.0060,1.3778,4.1342,0.5519
17,1.5686,2.9863,1.4017,4.1607,0.6578,2.8310,2.9032,2.7206,2.4388,2.8368,2.7713,2.7188,2.2305,3.0343,2.5484,4.1039,0.0000,3.9530,1.3995,3.7340,2.1713,2.7940,1.7058,4.1065,0.1820,3.8487,1.3121,4.0465,0.5643,4.0280,1.4587,3.7144,2.3428,2.8907,2.9343,2.6906,2.4737,2.9029,2.5853,3.9866,0.0841,3.9617,1.3711,3.7051,2.4983,2.7395,2.6457,4.0701,0.1468,3.9865,1.3184,3.9518,0.6597,2.9014,2.7282,4.1375,0.2354,3.9949,1.3484,3.7977,2.3220,2.7654,2.8774,4.2009,0.3366,3.9890,1.2847,3.8963,2.4741,2.8738,2.7432,4.1606,0.4026,3.9613,1.3288,3.8162,2.3983,2.7133,2.7894,4.2368,0.4941,3.8759,1.3185,3.9137,2.5299,2.7831,2.7945,4.1399,0.2747,3.9083,1.3484,3.7807,2.3243,2.7783,2.6975,4.1960,0.3329,4.0139,1.2855,3.8403
18,3.7380,1.5754,3.2468,1.9706,3.7899,1.9260,2.6969,2.6074,3.1833,1.9811,2.8399,2.6107,2.9899,2.1950,2.9443,1.7453,3.9530,0.0000,4.1215,1.4659,2.9311,1.9356,3.8358,1.8140,3.9402,0.1315,4.0508,1.6460,3.9937,0.2642,4.1503,1.4409,3.0931,2.0447,2.8305,2.7209,3.2207,2.0743,3.0100,1.4969,3.9846,0.1340,4.1259,1.4413,3.2149,1.7199,2.9660,1.7338,4.0455,0.0454,4.0138,1.4008,4.0152,2.0559,2.9180,1.8642,3.9419,0.3145,4.0803,1.3512,3.0696,1.8259,2.8088,1.9749,3.9003,0.3930,4.0150,1.3588,3.2038,2.0156,2.9903,1.8827,3.8923,0.2459,4.0749,1.3345,3.1383,1.8441,2.9058,2.0305,3.8638,0.1629,4.0561,1.5077,3.2543,1.8334,2.9788,1.8836,3.9372,0.2212,4.0999,1.3677,3.0511,1.9132,3.0065,1.9875,3.9040,0.4578,4.0116,1.3474
19,0.6851,4.0559,1.2773,4.2590,1.7804,2.9878,2.0834,2.8825,3.3871,2.8920,1.9082,2.8758,3.1919,2.9963,1.6629,4.2556,1.3995,4.1215,0.0000,3.8974,3.1103,2.8955,0.7089,4.2076,1.4047,4.0154,0.1226,4.2219,1.6884,4.1998,0.2762,3.8756,3.2960,2.8847,2.0852,2.8457,3.4183,2.8706,1.6987,4.1597,1.3430,4.1320,0.1622,3.8677,3.4464,2.8956,1.7650,4.1952,1.3072,4.1554,0.1940,4.1219,1.7610,2.8945,1.8562,4.2383,1.4195,4.1649,0.1425,3.9629,3.2779,2.9199,2.0232,4.3021,1.4976,4.1593,0.1596,4.0663,3.4208,2.9178,1.8682,4.2634,1.5474,4.1311,0.1392,3.9832,3.3493,2.8660,1.9224,4.3379,1.6190,4.0432,0.1148,4.0843,3.4731,2.9375,1.9236,4.2407,1.4478,4.0757,0.1415,3.9457,3.2572,2.8986,1.8184,4.2970,1.4944,4.1601,0.1640,4.0078
20,3.5003,1.5422,3.9010,1.1718,3.6297,2.7054,2.8376,1.4112,3.3372,2.7547,2.8139,1.4835,3.1380,2.9541,2.7355,0.9162,3.7340,1.4659,3.8974,0.0000,3.0744,2.7115,3.6518,0.9929,3.7275,1.4291,3.8273,0.7935,3.7900,1.6461,3.9166,0.0797,3.2449,2.8120,2.9647,1.5885,3.3748,2.8351,2.8000,0.5989,3.7662,1.5201,3.8965,0.1788,3.3751,2.5100,2.7851,0.8962,3.8244,1.4980,3.7963,0.5217,3.8138,2.8229,2.7828,1.0541,3.7310,1.6852,3.8531,0.2059,3.2217,2.6104,2.9089,1.1850,3.6941,1.7258,3.7946,0.4028,3.3615,2.7879,2.8297,1.0801,3.6884,1.6083,3.8491,0.2366,3.2930,2.6242,2.8409,1.2514,3.6638,1.5093,3.8337,0.6019,3.4137,2.6190,2.8567,1.0780,3.7279,1.5837,3.8720,0.2272,3.2036,2.6903,2.8316,1.1994,3.6976,1.7554,3.7929,0.3648
21,3.1375,2.0954,3.1270,2.6450,1.6450,4.5761,1.4120,4.1664,0.3199,4.6158,1.5455,4.2443,0.1461,4.8346,1.7328,2.7922,2.1713,2.9311,3.1103,3.0744,0.0000,4.5709,2.5480,2.7354,2.0353,2.8806,3.1282,2.7753,1.7286,2.7971,3.3608,3.0675,0.2156,4.6836,1.3651,4.3652,0.3580,4.7112,1.7172,2.7418,2.1424,2.8196,3.2548,2.9154,0.3898,4.3404,1.6259,2.7352,2.1714,2.9266,2.9889,2.7227,1.6564,4.6937,1.5377,2.7337,1.9606,2.7555,3.2255,2.9252,0.1981,4.4583,1.3948,2.7329,1.8665,2.7389,3.0726,2.7538,0.3586,4.6552,1.5485,2.7797,1.8092,2.7338,3.1787,2.8806,0.2775,4.4703,1.4760,2.7364,1.7300,2.7936,3.0971,2.6680,0.4177,4.4679,1.4736,2.7334,1.9248,2.7407,3.2231,2.8846,0.1769,4.5491,1.5958,2.7263,1.8706,2.7306,3.0210,2.7760
22,2.8390,2.8887,1.9701,3.6952,3.3104,0.1415,4.3317,1.5710,4.8463,0.0791,4.3026,1.4934,4.6434,0.2983,4.0745,3.4665,2.7940,1.9356,2.8955,2.7115,4.5709,0.0000,3.2940,3.5371,2.8789,1.9701,2.8285,3.3574,3.2474,2.1718,2.8909,2.7101,4.7513,0.1203,4.4611,1.3955,4.8822,0.2032,4.1209,3.1907,2.7983,2.0529,2.8803,2.8507,4.8888,0.2496,4.1774,3.4509,2.8296,1.9463,2.8988,3.0798,3.3246,0.1357,4.2599,3.5901,2.9485,2.2138,2.8409,2.8469,4.7291,0.1246,4.4006,3.7063,3.0266,2.2854,2.8037,3.0278,4.8716,0.1216,4.2829,3.6124,3.0785,2.1531,2.8478,2.8943,4.8015,0.1133,4.3218,3.7641,3.1496,2.0626,2.8392,3.1972,4.9243,0.1159,4.3322,3.6108,2.9786,2.1220,2.8644,2.8850,4.7079,0.0629,4.2374,3.7193,3.0236,2.3443,2.8470,2.9964
23,0.7149,3.7801,1.7745,3.7716,1.3269,3.3023,1.6167,2.9016,2.7516,3.3395,1.3700,2.9788,2.5957,3.5546,1.2994,3.9069,1.7058,3.8358,0.7089,3.6518,2.5480,3.2940,0.0000,3.8540,1.6051,3.7303,0.6999,3.8832,1.3466,3.8879,0.9330,3.6191,2.6905,3.4020,1.4775,3.0901,2.7815,3.4216,1.2851,3.8385,1.6996,3.8339,0.8413,3.5948,2.8242,3.0721,1.2425,3.8492,1.7239,3.8672,0.5185,3.8125,1.3640,3.4129,1.2889,3.8556,1.5368,3.8498,0.8077,3.6855,2.6730,3.1872,1.4239,3.8607,1.4547,3.8378,0.6375,3.7648,2.8028,3.3795,1.3033,3.9024,1.4044,3.8229,0.7318,3.6998,2.7380,3.1941,1.3439,3.8673,1.3361,3.7470,0.6661,3.7647,2.8509,3.1987,1.3491,3.8564,1.5052,3.7722,0.7811,3.6648,2.6769,3.2718,1.2628,3.8548,1.4581,3.8331,0.5800,3.7116
24,4.0677,1.9879,4.2393,0.2103,3.8077,3.5279,2.5860,2.2299,2.6651,3.5856,2.8468,2.3138,2.6441,3.8107,2.9844,0.1180,4.1065,1.8140,4.2076,0.9929,2.7354,3.5371,3.8540,0.0000,4.0352,1.7774,4.1852,0.2060,4.0202,1.5946,4.3534,0.9900,2.6575,3.6534,2.7695,2.4418,2.7000,3.6837,3.0444,0.3941,4.1139,1.7007,4.2976,0.8187,2.5591,3.3037,2.9919,0.0956,4.1781,1.8059,4.0810,0.5199,4.0338,3.6653,2.9326,0.0617,4.0035,1.5540,4.2489,0.8088,2.6300,3.4199,2.7843,0.1912,3.9518,1.4901,4.1439,0.5862,2.6155,3.6231,3.0024,0.0878,3.9375,1.6064,4.2361,0.7524,2.6302,3.4386,2.9119,0.2567,3.9002,1.6877,4.1878,0.3858,2.6170,3.4283,2.9848,0.0857,3.9946,1.6327,4.2653,0.7650,2.6414,3.5138,3.0252,0.2054,3.9559,1.4391,4.1105,0.6251
25,1.6252,2.9898,1.3918,4.0867,0.5369,2.8896,2.8345,2.7229,2.3213,2.9206,2.6711,2.7205,2.1174,3.1200,2.4521,4.0588,0.1820,3.9402,1.4047,3.7275,2.0353,2.8789,1.6051,4.0352,0.0000,3.8360,1.3982,4.0272,0.4393,4.0110,1.5942,3.7065,2.2266,2.9775,2.8290,2.7015,2.3546,2.9932,2.4880,3.9697,0.1416,3.9477,1.5015,3.6947,2.3806,2.7421,2.5457,3.9997,0.1714,3.9729,1.3147,3.9355,0.5326,2.9873,2.6258,4.0650,0.0838,3.9764,1.4785,3.7867,2.2067,2.7813,2.7725,4.1269,0.1859,3.9695,1.3532,3.8825,2.3557,2.9578,2.6408,4.0882,0.2511,3.9447,1.4416,3.8050,2.2811,2.7852,2.6853,4.1617,0.3429,3.8613,1.3715,3.8966,2.4105,2.7926,2.6894,4.0668,0.1240,3.8917,1.4784,3.7693,2.1858,2.8576,2.5961,4.1216,0.1819,3.9693,1.3115,3.8266
26,3.6611,1.5481,3.1365,1.9304,3.6846,1.9622,2.6504,2.5720,3.1329,2.0166,2.7314,2.5992,2.9404,2.2332,2.8353,1.7109,3.8487,0.1315,4.0154,1.4291,2.8806,1.9701,3.7303,1.7774,3.8360,0.0000,3.9454,1.6118,3.8858,0.2866,4.0444,1.4039,3.0433,2.0798,2.7783,2.7092,3.1697,2.1069,2.8996,1.4630,3.8800,0.1453,4.0201,1.3463,3.1667,1.7519,2.8564,1.6980,3.9402,0.1734,3.9076,1.3680,3.9067,2.0914,2.8089,1.8274,3.8370,0.3311,3.9750,1.2753,3.0201,1.8601,2.7246,1.9373,3.7955,0.3826,3.9097,1.3235,3.1545,2.0523,2.8798,1.8468,3.7874,0.2364,3.9689,1.2582,3.0888,1.8764,2.7968,1.9927,3.7590,0.1118,3.9503,1.4713,3.2050,1.8686,2.8687,1.8466,3.8321,0.2041,3.9939,1.2906,3.0018,1.9471,2.8957,1.9496,3.7992,0.4224,3.9061,1.2994
27,0.5614,3.9790,1.3181,4.2385,1.7721,2.9177,2.0635,2.8110,3.3817,2.8264,1.8988,2.8071,3.1853,2.9975,1.6564,4.1831,1.3121,4.0508,0.1226,3.8273,3.1282,2.8285,0.6999,4.1852,1.3982,3.9454,0.0000,4.1495,1.6873,4.1286,0.2477,3.8070,3.2905,2.8565,2.0766,2.7770,3.4138,2.8681,1.6939,4.0878,1.2959,4.0608,0.1373,3.7989,3.4389,2.8270,1.7605,4.1483,1.2773,4.0848,0.1775,4.0513,1.7613,2.8669,1.8506,4.2163,1.4376,4.0949,0.1061,3.8932,3.2716,2.8517,2.0154,4.2802,1.5155,4.0893,0.0637,3.9951,3.4149,2.8519,1.8646,4.2404,1.5657,4.0607,0.0602,3.9126,3.3433,2.7984,1.9171,4.3163,1.6374,3.9735,0.0420,4.0137,3.4675,2.8695,1.9209,4.2188,1.4665,4.0065,0.1038,3.8762,3.2739,2.8307,1.8149,4.2753,1.5124,4.0899,0.1177,3.9377
28,3.9594,1.8623,4.2283,0.3995,3.8360,3.3472,2.6175,2.0514,2.7359,3.4050,2.8774,2.1338,2.6857,3.6258,3.0076,0.1307,4.0465,1.6460,4.2219,0.7935,2.7753,3.3574,3.8832,0.2060,4.0272,1.6118,4.1495,0.0000,4.0487,1.4357,4.2884,0.7908,2.7026,3.4714,2.8051,2.2583,2.7603,3.5013,3.0696,0.1937,4.0789,1.5372,4.2344,0.6244,2.7180,3.1295,3.0190,0.1194,4.1430,1.6378,4.0988,0.3200,4.0647,3.4830,2.9622,0.2665,4.0224,1.3978,4.1861,0.6092,2.6740,3.2426,2.8181,0.3963,3.9730,1.3373,4.1091,0.3856,2.7097,3.4413,3.0334,0.2858,3.9603,1.4478,4.1750,0.5528,2.6879,3.2613,2.9437,0.4615,3.9251,1.5258,4.1527,0.1928,2.7566,3.2506,3.0175,0.2885,4.0145,1.4734,4.2034,0.5672,2.6846,3.3343,3.0545,0.4106,3.9769,1.3137,4.1019,0.4273
29,1.6899,3.0570,1.7034,3.9367,0.2846,3.2591,2.6670,2.8824,1.9528,3.2917,2.4216,2.9369,1.7854,3.5031,2.2980,4.0738,0.5643,3.9937,1.6884,3.7900,1.7286,3.2474,1.3466,4.0202,0.4393,3.8858,1.6873,4.0487,0.0000,4.0502,1.8787,3.7680,1.8863,3.3530,2.4865,3.0453,1.9833,3.3709,2.2417,4.0010,0.5511,3.9935,1.8012,3.7455,2.0351,3.0294,2.2761,4.0145,0.5771,4.0261,1.5401,3.9729,0.0943,3.3635,2.3196,4.0222,0.3558,4.0114,1.7764,3.8390,1.8690,3.1433,2.4715,4.0281,0.2578,3.9999,1.6379,3.9234,2.0091,3.3318,2.3088,4.0704,0.1967,3.9833,1.7113,3.8545,1.9387,3.1481,2.3585,4.0352,0.1597,3.9042,1.6579,3.9254,2.0606,3.1552,2.3602,4.0231,0.3153,3.9308,1.7514,3.8183,1.8715,3.2256,2.2683,4.0222,0.2621,3.9958,1.5906,3.8682
30,3.8579,1.7343,3.3336,1.7455,3.8411,2.1612,2.6316,2.7905,2.9596,2.2189,2.8880,2.7967,2.7733,2.4404,3.0050,1.5286,4.0280,0.2642,4.1998,1.6461,2.7971,2.1718,3.8879,1.5946,4.0110,0.2866,4.1286,1.4357,4.0502,0.0000,4.2360,1.6208,2.8726,2.2855,2.8241,2.9129,2.9964,2.3168,3.0696,1.2972,4.0596,0.1600,4.2086,1.5317,2.9881,1.9458,3.0218,1.5189,4.1220,0.2511,4.0851,1.2693,4.0690,2.2970,2.9692,1.6421,4.0099,0.0615,4.1617,1.4799,2.8494,2.0570,2.8338,1.7477,3.9642,0.1366,4.0904,1.3377,2.9783,2.2546,3.0416,1.6590,3.9539,0.0825,4.1537,1.4600,2.9155,2.0765,2.9538,1.8008,3.9220,0.2132,4.1327,1.3203,3.0271,2.0646,3.0275,1.6604,4.0037,0.1510,4.1805,1.4695,2.8317,2.1485,3.0602,1.7597,3.9681,0.2012,4.0852,1.3904
31,0.6283,4.0680,1.4214,4.4254,1.9701,2.9802,2.2637,2.8882,3.5992,2.8880,2.1021,2.8820,3.4201,2.8916,1.8484,4.3495,1.4587,4.1503,0.2762,3.9166,3.3608,2.8909,0.9330,4.3534,1.5942,4.0444,0.2477,4.2884,1.8787,4.2360,0.0000,3.8967,3.5283,2.8760,2.2879,2.8455,3.6320,2.8281,1.8866,4.1971,1.4836,4.1634,0.1151,3.8937,3.6810,2.8988,1.9578,4.3144,1.4630,4.1850,0.4022,4.1577,1.9565,2.8752,2.0530,4.3860,1.6372,4.2037,0.1429,3.9895,3.5089,2.9194,2.2248,4.4681,1.7209,4.2248,0.3095,4.0982,3.6561,2.9128,2.0661,4.4107,1.7746,4.1670,0.1948,4.0103,3.5826,2.8642,2.1225,4.5211,1.8508,4.0758,0.2837,4.1471,3.7100,2.9376,2.1257,4.4046,1.6680,4.1115,0.1458,3.9733,3.5109,2.8936,2.0139,4.4791,1.7175,4.2514,0.3666,4.0394
32,3.5093,1.5859,3.8796,1.1672,3.5923,2.7056,2.8326,1.4351,3.3306,2.7525,2.8095,1.4835,3.1322,2.9510,2.7150,0.9146,3.7144,1.4409,3.8756,0.0797,3.0675,2.7101,3.6191,0.9900,3.7065,1.4039,3.8070,0.7908,3.7680,1.6208,3.8967,0.0000,3.2384,2.8106,2.9591,1.5885,3.3677,2.8346,2.7790,0.5967,3.7456,1.4952,3.8759,0.1713,3.3691,2.5092,2.7461,0.8933,3.8035,1.4724,3.7757,0.4948,3.7913,2.8210,2.7766,1.0509,3.7099,1.6589,3.8328,0.1768,3.2154,2.6096,2.9029,1.1816,3.6728,1.6995,3.7742,0.3994,3.3548,2.7859,2.8020,1.0776,3.6669,1.5826,3.8290,0.2331,3.2864,2.6231,2.8345,1.2477,3.6421,1.4832,3.8131,0.5973,3.4068,2.6178,2.8493,1.0743,3.7064,1.5572,3.8519,0.2196,3.1965,2.6893,2.7925,1.1958,3.6762,1.7293,3.7724,0.3585
33,3.2901,2.2666,3.3133,2.5640,1.7950,4.7548,1.5697,4.3373,0.1064,4.7974,1.6887,4.4173,0.1284,5.0206,1.8887,2.7155,2.3428,3.0931,3.2960,3.2449,0.2156,4.7513,2.6905,2.6575,2.2266,3.0433,3.2905,2.7026,1.8863,2.8726,3.5283,3.2384,0.0000,4.8665,1.4995,4.5415,0.1507,4.8949,1.8729,2.7591,2.3367,2.9779,3.4206,3.0822,0.1760,4.5156,1.7782,2.6601,2.3672,3.0877,3.1467,2.8604,1.8118,4.8770,1.6852,2.6542,2.1498,2.8247,3.3902,3.0903,0.0524,4.6358,1.5324,2.6499,2.0523,2.7565,3.2330,2.9114,0.1439,4.8372,1.6968,2.6988,1.9931,2.8777,3.3415,3.0439,0.0636,4.6489,1.6204,2.6517,1.9107,2.9532,3.2587,2.7418,0.2036,4.6455,1.6195,2.6532,2.1130,2.8981,3.3872,3.0489,0.0825,4.7288,1.7465,2.6430,2.0566,2.7027,3.1803,2.9357
34,2.9387,2.9684,1.9611,3.8135,3.4187,0.2039,4.4426,1.6688,4.9625,0.0992,4.4111,1.5880,4.7576,0.1840,4.1785,3.5817,2.8907,2.0447,2.8847,2.8120,4.6836,0.1203,3.4020,3.6534,2.9775,2.0798,2.8565,3.4714,3.3530,2.2855,2.8760,2.8106,4.8665,0.0000,4.5726,1.4869,4.9986,0.1216,4.2254,3.3017,2.8947,2.1645,2.8671,2.9545,5.0061,0.3700,4.2833,3.5660,2.8810,2.0556,2.9973,3.1887,3.4313,0.0394,4.3674,3.7071,3.0488,2.3282,2.8287,2.9510,4.8443,0.2434,4.5112,3.8247,3.1289,2.4010,2.9000,3.1360,4.9883,0.0937,4.3903,3.7297,3.1819,2.2664,2.8428,2.9996,4.9175,0.2290,4.4304,3.8831,3.2546,2.1744,2.8850,3.3084,5.0415,0.2339,4.4404,3.7280,3.0796,2.2348,2.8526,2.9900,4.8228,0.1487,4.3440,3.8378,3.1258,2.4609,2.9444,3.1038
35,2.0308,2.8722,3.0102,2.6829,2.4217,4.4647,0.2612,4.0579,1.5593,4.5071,0.2355,4.1375,1.4060,4.7252,0.4963,2.8247,2.9343,2.8305,2.0852,2.9647,1.3651,4.4611,1.4775,2.7695,2.8290,2.7783,2.0766,2.8051,2.4865,2.8241,2.2879,2.9591,1.4995,4.5726,0.0000,4.2554,1.5906,4.5967,0.4586,2.7681,2.9290,2.7753,2.2050,2.8093,1.6281,4.2328,0.3747,2.7678,2.9560,2.8270,1.9137,2.7483,2.4734,4.5834,0.2656,2.7696,2.7572,2.7844,2.1741,2.8206,1.4810,4.3499,0.0718,2.7714,2.6686,2.7690,2.0200,2.7026,1.6090,4.5465,0.2885,2.8156,2.6144,2.7598,2.1040,2.7760,1.5453,4.3609,0.2075,2.7767,2.5397,2.6997,2.0459,2.6939,1.6570,4.3602,0.2884,2.7698,2.7235,2.7110,2.1490,2.7800,1.4865,4.4387,0.3196,2.7653,2.6723,2.7614,1.9690,2.6746
36,2.6450,2.7546,2.8480,2.6038,3.1042,1.3942,4.1314,0.2288,4.6344,1.4361,4.0993,0.1383,4.4352,1.6231,3.8792,2.3705,2.6906,2.7209,2.8457,1.5885,4.3652,1.3955,3.0901,2.4418,2.7015,2.7092,2.7770,2.2583,3.0453,2.9129,2.8455,1.5885,4.5415,1.4869,4.2554,0.0000,4.6702,1.5044,3.9243,2.0852,2.7226,2.7830,2.8331,1.7284,4.6767,1.2917,3.9800,2.3533,2.7777,2.7524,2.7631,1.9731,3.1211,1.4977,4.0599,2.4971,2.7567,2.9522,2.7927,1.7290,4.5195,1.3060,4.1970,2.6172,2.8319,2.9955,2.7503,1.9153,4.6600,1.4684,4.0824,2.5211,2.8822,2.8746,2.7961,1.7764,4.5909,1.3151,4.1204,2.6777,2.9511,2.7935,2.7866,2.0895,4.7121,1.3151,4.1313,2.5187,2.7859,2.8473,2.8143,1.7664,4.4995,1.3760,4.0381,2.6305,2.8291,3.0495,2.7540,1.8821
37,3.3939,2.4040,3.4356,2.6022,1.8923,4.8867,1.6894,4.4637,0.0608,4.9284,1.7849,4.5448,0.2785,5.1536,1.9893,2.7602,2.4737,3.2207,3.4183,3.3748,0.3580,4.8822,2.7815,2.7000,2.3546,3.1697,3.4138,2.7603,1.9833,2.9964,3.6320,3.3677,0.1507,4.9986,1.5906,4.6702,0.0000,5.0273,1.9716,2.8811,2.4666,3.1037,3.5451,3.2089,0.1826,4.6440,1.8753,2.7043,2.4966,3.2151,3.2453,2.9841,1.9063,5.0089,1.7805,2.6955,2.2764,2.9472,3.5147,3.2175,0.1788,4.7657,1.6249,2.6887,2.1774,2.8777,3.3555,3.0359,0.1024,4.9688,1.7908,2.7399,2.1169,3.0015,3.4428,3.1705,0.0979,4.7785,1.7138,2.6891,2.0330,3.0780,3.3811,2.8630,0.1092,4.7754,1.7115,2.6938,2.2388,3.0218,3.4891,3.1753,0.1977,4.8595,1.8416,2.6814,2.1816,2.8229,3.3019,3.0602
38,2.9473,2.9851,1.9353,3.8441,3.4373,0.2103,4.4687,1.6863,4.9909,0.2174,4.4327,1.6080,4.7851,0.2373,4.1988,3.6120,2.9029,2.0743,2.8706,2.8351,4.7112,0.2032,3.4216,3.6837,2.9932,2.1069,2.8681,3.5013,3.3709,2.3168,2.8281,2.8346,4.8949,0.1216,4.5967,1.5044,5.0273,0.0000,4.2454,3.3308,2.9079,2.1936,2.8213,2.9788,5.0354,0.3969,4.3049,3.5963,2.8939,2.0862,3.0104,3.2184,3.4504,0.1455,4.3900,3.7379,3.0647,2.3602,2.7891,2.9769,4.8724,0.2986,4.5355,3.8558,3.1461,2.4329,2.9122,3.1632,5.0176,0.2139,4.4124,3.7606,3.2000,2.2969,2.8529,3.0252,4.9462,0.2556,4.4538,3.9148,3.2738,2.2028,2.8969,3.3369,5.0712,0.3160,4.4639,3.7590,3.0960,2.2651,2.8183,3.0155,4.8513,0.1999,4.3655,3.8691,3.1430,2.4927,2.9575,3.1308
39,1.6804,2.9432,2.6477,2.9637,2.3153,4.1289,0.6083,3.7405,1.9397,4.1643,0.2850,3.8155,1.7707,4.3709,0.0813,3.0972,2.5853,3.0100,1.6987,2.8000,1.7172,4.1209,1.2851,3.0444,2.4880,2.8996,1.6939,3.0696,2.2417,3.0696,1.8866,2.7790,1.8729,4.2254,0.4586,3.9243,1.9716,4.2454,0.0000,3.0188,2.5789,3.0095,1.8101,2.7558,2.0188,3.9061,0.1096,3.0370,2.6011,3.0437,1.5457,2.9900,2.2580,4.2356,0.2170,3.0479,2.4213,3.0315,1.7834,2.8510,1.8544,4.0174,0.4128,3.0565,2.3417,3.0203,1.6437,2.9373,1.9949,4.2028,0.2070,3.0970,2.3076,3.0011,1.7184,2.8661,1.9247,4.0248,0.2942,3.0655,2.2560,2.9191,1.6655,2.9418,2.0466,4.0282,0.2997,3.0496,2.3905,2.9478,1.7590,2.8297,1.8581,4.0999,0.1491,3.0511,2.3450,3.0164,1.5966,2.8814
40,3.8379,1.7341,4.1656,0.5854,3.7912,3.1810,2.5797,1.8841,2.8445,3.2371,2.8334,1.9635,2.6667,3.4532,2.9556,0.3135,3.9866,1.4969,4.1597,0.5989,2.7418,3.1907,3.8385,0.3941,3.9697,1.4630,4.0878,0.1937,4.0010,1.2972,4.1971,0.5967,2.7591,3.3017,2.7681,2.0852,2.8811,3.3308,3.0188,0.0000,4.0189,1.3932,4.1694,0.4567,2.8732,2.9682,2.9709,0.2982,4.0816,1.4897,4.0415,0.1297,4.0190,3.3131,2.9169,0.4552,3.9669,1.2860,4.1222,0.4170,2.7362,3.0784,2.7793,0.5866,3.9200,1.2803,4.0490,0.1962,2.8636,3.2724,2.9884,0.4773,3.9090,1.3081,4.1126,0.3621,2.8016,3.0964,2.9006,0.6524,3.8760,1.3822,4.0916,0.0975,2.9120,3.0864,2.9743,0.4782,3.9602,1.3572,4.1398,0.3777,2.7196,3.1678,3.0078,0.6008,3.9240,1.2918,4.0430,0.2411
41,1.6285,3.0250,1.3455,4.1671,0.6526,2.8639,2.9086,2.7538,2.4326,2.8401,2.7669,2.7506,2.2255,3.0364,2.5427,4.1119,0.0841,3.9846,1.3430,3.7662,2.1424,2.7983,1.6996,4.1139,0.1416,3.8800,1.2959,4.0789,0.5511,4.0596,1.4836,3.7456,2.3367,2.8947,2.9290,2.7226,2.4666,2.9079,2.5789,4.0189,0.0000,3.9935,1.3947,3.7362,2.4931,2.7709,2.6388,4.0774,0.0752,4.0179,1.3129,3.9833,0.6456,2.9049,2.7215,4.1446,0.1983,4.0257,1.3726,3.8291,2.3164,2.7967,2.8716,4.2079,0.3020,4.0198,1.2530,3.9283,2.4679,2.8771,2.7359,4.1681,0.3680,3.9926,1.3377,3.8480,2.3922,2.7443,2.7826,4.2436,0.4604,3.9069,1.2861,3.9454,2.5235,2.8142,2.7865,4.1468,0.2373,3.9389,1.3728,3.8120,2.2956,2.7772,2.6901,4.2029,0.2978,4.0202,1.2743,3.8717
42,3.7678,1.6094,3.2597,1.8539,3.7875,2.0424,2.5942,2.6645,3.0665,2.1000,2.8342,2.6703,2.8763,2.3190,2.9446,1.6336,3.9617,0.1340,4.1320,1.5201,2.8196,2.0529,3.8339,1.7007,3.9477,0.1453,4.0608,1.5372,3.9935,0.1600,4.1634,1.4952,2.9779,2.1645,2.7753,2.7830,3.1037,2.1936,3.0095,1.3932,3.9935,0.0000,4.1380,1.4504,3.0971,1.8313,2.9641,1.6228,4.0553,0.1285,4.0204,1.3011,4.0138,2.1763,2.9142,1.7498,3.9478,0.2106,4.0918,1.3604,2.9544,1.9406,2.7838,1.8581,3.9043,0.2642,4.0238,1.2715,3.0865,2.1356,2.9862,1.7677,3.8953,0.1169,4.0850,1.3418,3.0221,1.9589,2.9007,1.9126,3.8653,0.1092,4.0655,1.4035,3.1364,1.9486,2.9739,1.7687,3.9423,0.0993,4.1107,1.3753,2.9365,2.0297,3.0034,1.8704,3.9081,0.3275,4.0196,1.3167
43,0.6375,4.0506,1.3337,4.3527,1.8912,2.9706,2.1767,2.8729,3.5130,2.8770,2.0225,2.8669,3.3140,2.9001,1.7723,4.2945,1.3711,4.1259,0.1622,3.8965,3.2548,2.8803,0.8413,4.2976,1.5015,4.0201,0.1373,4.2344,1.8012,4.2086,0.1151,3.8759,3.4206,2.8671,2.2050,2.8331,3.5451,2.8213,1.8101,4.1694,1.3947,4.1380,0.0000,3.8711,3.5721,2.8847,1.8792,4.2593,1.3742,4.1602,0.3137,4.1308,1.8772,2.8658,1.9725,4.3295,1.5432,4.1755,0.0538,3.9663,3.4015,2.9068,2.1424,4.3951,1.6247,4.1712,0.1988,4.0728,3.5471,2.9020,1.9858,4.3541,1.6769,4.1400,0.1095,3.9869,3.4743,2.8521,2.0408,4.4320,1.7514,4.0503,0.1704,4.0948,3.6004,2.9247,2.0437,4.3322,1.5732,4.0847,0.0628,3.9499,3.4033,2.8828,1.9344,4.3903,1.6214,4.1975,0.2547,4.0144
44,3.5478,1.5413,3.8722,0.9917,3.5510,2.8462,2.6857,1.5448,3.1725,2.8946,2.6643,1.6191,2.9782,3.0992,2.6933,0.7466,3.7051,1.4413,3.8677,0.1788,2.9154,2.8507,3.5948,0.8187,3.6947,1.3463,3.7989,0.6244,3.7455,1.5317,3.8937,0.1713,3.0822,2.9545,2.8093,1.7284,3.2089,2.9788,2.7558,0.4567,3.7362,1.4504,3.8711,0.0000,3.2101,2.6428,2.7154,0.7236,3.7949,1.4727,3.7631,0.3820,3.7668,2.9654,2.6708,0.8788,3.6959,1.5678,3.8272,0.1171,3.0596,2.7470,2.7547,1.0079,3.6564,1.6056,3.7647,0.2623,3.1962,2.9293,2.7394,0.9063,3.6490,1.4935,3.8216,0.1421,3.1292,2.7608,2.6888,1.0734,3.6221,1.3969,3.8043,0.4304,3.2473,2.7556,2.7358,0.9021,3.6914,1.4688,3.8455,0.1000,3.0414,2.8294,2.7543,1.0219,3.6599,1.6330,3.7615,0.2188
45,3.4280,2.3959,3.4634,2.4580,1.9353,4.8903,1.6969,4.4680,0.1462,4.9357,1.8248,4.5505,0.2944,5.1622,2.0339,2.6561,2.4983,3.2149,3.4464,3.3751,0.3898,4.8888,2.8242,2.5591,2.3806,3.1667,3.4389,2.7180,2.0351,2.9881,3.6810,3.3691,0.1760,5.0061,1.6281,4.6767,0.1826,5.0354,2.0188,2.8732,2.4931,3.0971,3.5721,3.2101,0.0000,4.6493,1.9213,2.6249,2.5252,3.2086,3.2921,2.9779,1.9594,5.0166,1.8246,2.5488,2.3025,2.9402,3.5403,3.2159,0.1932,4.7709,1.6634,2.5417,2.2027,2.8706,3.3798,3.0308,0.0829,4.9756,1.8379,2.5916,2.1423,2.9952,3.4905,3.1679,0.1142,4.7852,1.7575,2.5420,2.0578,3.0742,3.4066,2.8574,0.0848,4.7805,1.7586,2.5471,2.2652,3.0173,3.5374,3.1741,0.2184,4.8657,1.8892,2.5345,2.2070,2.8156,3.3263,3.0571
46,2.6329,2.7496,1.9664,3.4586,3.0858,0.2512,4.1078,1.3762,4.6084,0.3061,4.0789,1.3110,4.4099,0.5487,3.8604,3.2351,2.7395,1.7199,2.8956,2.5100,4.3404,0.2496,3.0721,3.3037,2.7421,1.7519,2.8270,3.1295,3.0294,1.9458,2.8988,2.5092,4.5156,0.3700,4.2328,1.2917,4.6440,0.3969,3.9061,2.9682,2.7709,1.8313,2.8847,2.6428,4.6493,0.0000,3.9604,3.2201,2.8266,1.7527,2.8118,2.8621,3.1046,0.3847,4.0393,3.3555,2.7533,1.9867,2.8438,2.6390,4.4935,0.1275,4.1745,3.4689,2.8159,2.0555,2.7994,2.8116,4.6331,0.3478,4.0626,3.3769,2.8656,1.9276,2.8470,2.6840,4.5645,0.1415,4.0992,3.5255,2.9336,1.8408,2.8361,2.9749,4.6849,0.1424,4.1105,3.3755,2.7707,1.8982,2.8659,2.6755,4.4732,0.2218,4.0187,3.4814,2.8131,2.1123,2.8026,2.7819
47,1.7664,2.9049,2.7097,2.9097,2.2822,4.1853,0.5218,3.7943,1.8439,4.2208,0.2373,3.8695,1.6781,4.4291,0.1358,3.0455,2.6457,2.9660,1.7650,2.7851,1.6259,4.1774,1.2425,2.9919,2.5457,2.8564,1.7605,3.0190,2.2761,3.0218,1.9578,2.7461,1.7782,4.2833,0.3747,3.9800,1.8753,4.3049,0.1096,2.9709,2.6388,2.9641,1.8792,2.7154,1.9213,3.9604,0.0000,2.9855,2.6619,2.9990,1.6090,2.9432,2.2911,4.2933,0.1116,2.9947,2.4779,2.9829,1.8518,2.8093,1.7598,4.0727,0.3057,3.0021,2.3964,2.9710,1.7089,2.8922,1.8978,4.2596,0.1260,3.0434,2.3458,2.9540,1.7860,2.8238,1.8289,4.0809,0.1874,3.0102,2.2925,2.8739,1.7314,2.8940,1.9488,4.0832,0.1935,2.9960,2.4463,2.9012,1.8275,2.7875,1.7633,4.1565,0.0713,2.9965,2.3997,2.9666,1.6607,2.8368
48,4.0167,1.9308,4.2020,0.2892,3.8029,3.4417,2.5828,2.1439,2.6691,3.4989,2.8425,2.2266,2.6452,3.7218,2.9763,0.0768,4.0701,1.7338,4.1952,0.8962,2.7352,3.4509,3.8492,0.0956,3.9997,1.6980,4.1483,0.1194,4.0145,1.5189,4.3144,0.8933,2.6601,3.5660,2.7678,2.3533,2.7043,3.5963,3.0370,0.2982,4.0774,1.6228,4.2593,0.7236,2.6249,3.2201,2.9855,0.0000,4.1413,1.7259,4.0707,0.4232,4.0290,3.5778,2.9274,0.1558,3.9938,1.4792,4.2110,0.7124,2.6324,3.3348,2.7817,0.2859,3.9431,1.4169,4.1076,0.4904,2.6372,3.5358,2.9976,0.1802,3.9296,1.5305,4.1990,0.6565,2.6336,3.3535,2.9078,0.3513,3.8933,1.6102,4.1511,0.2914,2.6624,3.3431,2.9807,0.1795,3.9854,1.5563,4.2277,0.6694,2.6435,3.4278,3.0197,0.3002,3.9472,1.3671,4.0747,0.5298
49,1.6860,3.0892,1.2936,4.2313,0.6846,2.9198,2.9698,2.8107,2.4631,2.8382,2.7921,2.8064,2.2561,3.0212,2.5653,4.1762,0.1468,4.0455,1.3072,3.8244,2.1714,2.8296,1.7239,4.1781,0.1714,3.9402,1.2773,4.1430,0.5771,4.1220,1.4630,3.8035,2.3672,2.8810,2.9560,2.7777,2.4966,2.8939,2.6011,4.0816,0.0752,4.0553,1.3742,3.7949,2.5252,2.8266,2.6619,4.1413,0.0000,4.0791,1.3474,4.0452,0.6705,2.8909,2.7453,4.2089,0.2282,4.0880,1.3534,3.8888,2.3474,2.8518,2.8984,4.2726,0.3329,4.0823,1.2792,3.9900,2.4991,2.8635,2.7592,4.2328,0.3984,4.0545,1.3186,3.9083,2.4231,2.7986,2.8068,4.3084,0.4911,3.9681,1.2575,4.0078,2.5547,2.8693,2.8099,4.2110,0.2679,4.0004,1.3532,3.8720,2.3262,2.8315,2.7128,4.2674,0.3289,4.0831,1.3024,3.9328
50,3.7709,1.5959,3.2828,1.9629,3.8213,1.9364,2.6924,2.6389,3.1777,1.9914,2.8723,2.6416,2.9849,2.2051,2.9777,1.7369,3.9865,0.0454,4.1554,1.4980,2.9266,1.9463,3.8672,1.8059,3.9729,0.1734,4.0848,1.6378,4.0261,0.2511,4.1850,1.4724,3.0877,2.0556,2.8270,2.7524,3.2151,2.0862,3.0437,1.4897,4.0179,0.1285,4.1602,1.4727,3.2086,1.7527,2.9990,1.7259,4.0791,0.0000,4.0473,1.3938,4.0474,2.0666,2.9505,1.8559,3.9746,0.3022,4.1144,1.3813,3.0640,1.8364,2.8227,1.9665,3.9325,0.3818,4.0486,1.3529,3.1976,2.0257,3.0231,1.8741,3.9243,0.2369,4.1090,1.3645,3.1325,1.8551,2.9379,2.0218,3.8954,0.1733,4.0899,1.5010,3.2480,1.8435,3.0111,1.8751,3.9697,0.2145,4.1342,1.3979,3.0454,1.9240,3.0395,1.9790,3.9362,0.4475,4.0451,1.3535
51,0.5136,3.9440,1.3893,4.1305,1.6213,2.9093,1.9564,2.7904,3.2138,2.9418,1.7424,2.7889,3.0440,3.1422,1.5097,4.1300,1.3184,4.0138,0.1940,3.7963,2.9889,2.8988,0.5185,4.0810,1.3147,3.9076,0.1775,4.0988,1.5401,4.0851,0.4022,3.7757,3.1467,2.9973,1.9137,2.7631,3.2453,3.0104,1.5457,4.0415,1.3129,4.0204,0.3137,3.7631,3.2921,2.8118,1.6090,4.0707,1.3474,4.0473,0.0000,4.0078,1.6110,3.0080,1.6957,4.1109,1.3260,4.0501,0.2819,3.8570,3.1281,2.8401,1.8542,4.1723,1.3995,4.0427,0.1197,3.9532,3.2685,2.9799,1.7092,4.1346,1.4470,4.0176,0.2080,3.8750,3.1984,2.8050,1.7596,4.2072,1.5150,3.9327,0.1464,3.9669,3.3201,2.8579,1.7634,4.1129,1.3530,3.9640,0.2551,3.8388,3.1309,2.8776,1.6615,4.1671,1.3964,4.0418,0.0657,3.8967
52,3.8084,1.6885,4.1278,0.7068,3.7669,3.0716,2.5578,1.8224,2.9475,3.1247,2.8106,1.8536,2.7609,3.3365,2.9264,0.4404,3.9518,1.4008,4.1219,0.5217,2.7227,3.0798,3.8125,0.5199,3.9355,1.3680,4.0513,0.3200,3.9729,1.2693,4.1577,0.4948,2.8604,3.1887,2.7483,1.9731,2.9841,3.2184,2.9900,0.1297,3.9833,1.3011,4.1308,0.3820,2.9779,2.8621,2.9432,0.4232,4.0452,1.3938,4.0078,0.0000,3.9916,3.1997,2.8914,0.5802,3.9342,1.2796,4.0842,0.3166,2.8377,2.9699,2.7579,0.7114,3.8888,1.3140,4.0136,0.1285,2.9672,3.1595,2.9626,0.6043,3.8786,1.2239,4.0761,0.2879,2.9040,2.9877,2.8764,0.7768,3.8470,1.2894,4.0556,0.1449,3.0162,2.9775,2.9491,0.6033,3.9278,1.2657,4.1025,0.3019,2.8202,3.0578,2.9810,0.7257,3.8927,1.3388,4.0083,0.1694
53,1.7679,3.0860,1.7764,3.9473,0.2985,3.3374,2.6558,2.9356,1.8768,3.3689,2.4364,3.0111,1.7134,3.5817,2.3156,4.0887,0.6597,4.0152,1.7610,3.8138,1.6564,3.3246,1.3640,4.0338,0.5326,3.9067,1.7613,4.0647,0.0943,4.0690,1.9565,3.7913,1.8118,3.4313,2.4734,3.1211,1.9063,3.4504,2.2580,4.0190,0.6456,4.0138,1.8772,3.7668,1.9594,3.1046,2.2911,4.0290,0.6705,4.0474,1.6110,3.9916,0.0000,3.4417,2.3334,4.0349,0.4491,4.0292,1.8523,3.8606,1.7954,3.2196,2.4589,4.0394,0.3506,4.0168,1.7111,3.9431,1.9329,3.4095,2.2724,4.0833,0.2876,4.0020,1.7863,3.8758,1.8636,3.2246,2.3464,4.0456,0.2133,3.9238,1.7313,3.9426,1.9834,3.2314,2.3069,4.0356,0.4083,3.9494,1.8270,3.8393,1.7979,3.3032,2.2575,4.0333,0.3547,4.0120,1.6625,3.8879
54,2.9520,2.9822,1.9602,3.8255,3.4296,0.2387,4.4539,1.6804,4.9730,0.0823,4.4222,1.5991,4.7682,0.1639,4.1888,3.5938,2.9014,2.0559,2.8945,2.8229,4.6937,0.1357,3.4129,3.6653,2.9873,2.0914,2.8669,3.4830,3.3635,2.2970,2.8752,2.8210,4.8770,0.0394,4.5834,1.4977,5.0089,0.1455,4.2356,3.3131,2.9049,2.1763,2.8658,2.9654,5.0166,0.3847,4.2933,3.5778,2.8909,2.0666,3.0080,3.1997,3.4417,0.0000,4.3775,3.7189,3.0588,2.3395,2.8277,2.9617,4.8548,0.2577,4.5218,3.8367,3.1390,2.4125,2.9103,3.1471,4.9987,0.0719,4.4005,3.7416,3.1920,2.2781,2.8534,3.0106,4.9279,0.2436,4.4405,3.8951,3.2648,2.1861,2.8951,3.3198,5.0519,0.2466,4.4503,3.7398,3.0897,2.2463,2.8517,3.0009,4.8329,0.1648,4.3540,3.8497,3.1359,2.4728,2.9547,3.1148
55,1.8497,2.8598,2.7951,2.8494,2.2653,4.2669,0.4581,3.8705,1.7492,4.3038,0.1689,3.9470,1.5871,4.5150,0.2367,2.9867,2.7282,2.9180,1.8562,2.7828,1.5377,4.2599,1.2889,2.9326,2.6258,2.8089,1.8506,2.9622,2.3196,2.9692,2.0530,2.7766,1.6852,4.3674,0.2656,4.0599,1.7805,4.3900,0.2170,2.9169,2.7215,2.9142,1.9725,2.6708,1.8246,4.0393,0.1116,2.9274,2.7453,2.9505,1.6957,2.8914,2.3334,4.3775,0.0000,2.9346,2.5569,2.9301,1.9443,2.7636,1.6670,4.1530,0.2138,2.9405,2.4733,2.9172,1.7974,2.8422,1.8022,4.3426,0.0881,2.9825,2.4216,2.9025,1.8768,2.7771,1.7346,4.1619,0.0778,2.9478,2.3510,2.8251,1.8207,2.8412,1.8523,4.1634,0.0992,2.9355,2.5249,2.8509,1.9196,2.7416,1.6709,4.2384,0.1071,2.9346,2.4768,2.9120,1.7482,2.7882
56,4.1152,2.0409,4.2702,0.1649,3.8097,3.5814,2.5871,2.2841,2.6610,3.6387,2.8490,2.3683,2.6420,3.8647,2.9886,0.1650,4.1375,1.8642,4.2383,1.0541,2.7337,3.5901,3.8556,0.0617,4.0650,1.8274,4.2163,0.2665,4.0222,1.6421,4.3860,1.0509,2.6542,3.7071,2.7696,2.4971,2.6955,3.7379,3.0479,0.4552,4.1446,1.7498,4.3295,0.8788,2.5488,3.3555,2.9947,0.1558,4.2089,1.8559,4.1109,0.5802,4.0349,3.7189,2.9346,0.0000,4.0327,1.6006,4.2808,0.8696,2.6271,3.4723,2.7849,0.1301,3.9556,1.5359,4.1747,0.6474,2.6111,3.6764,3.0041,0.0607,3.9409,1.6541,4.2676,0.8134,2.6265,3.4912,2.9132,0.1951,3.9029,1.7365,4.2186,0.4461,2.6120,3.4807,2.9858,0.0280,3.9989,1.6805,4.2970,0.8256,2.6386,3.5669,3.0275,0.1440,3.9598,1.4841,4.1407,0.6856
